Player Display Name,Time,Lat,Lon,Speed (m/s),Heart Rate (bpm),Instantaneous Acceleration Impulse
"Lirola",11:45:50.3,43.30482133333334,5.461328333333333,0.79722286,166,0.08333339999999967
"Lirola",11:45:50.4,43.30482116666666,5.461327333333334,0.78333396,166,0.13888899999999982
"Lirola",11:45:50.5,43.30482116666666,5.461326666666666,0.65555608,166,1.2777788
"Lirola",11:45:50.6,43.304821,5.461326,0.58055602,166,0.7500006000000004
"Lirola",11:45:50.7,43.30482083333334,5.4613255,0.43888924,166,1.4166677999999993
"Lirola",11:45:50.8,43.304820666666664,5.461325166666668,0.37222252,166,0.6666672000000001
"Lirola",11:45:50.9,43.30482033333333,5.461325,0.35000028,166,0.22222240000000004
"Lirola",11:45:51.0,43.30481983333333,5.461325166666668,0.35000028,166,0
"Lirola",11:45:51.1,43.3048195,5.461325166666668,0.38611142,166,0.36111139999999986
"Lirola",11:45:51.2,43.304819,5.461325333333333,0.4444448,166,0.5833337999999999
"Lirola",11:45:51.3,43.3048185,5.461325333333333,0.50555596,166,0.6111116000000005
"Lirola",11:45:51.4,43.304818,5.4613255,0.55000044,166,0.4444448000000001
"Lirola",11:45:51.5,43.304817666666665,5.461325833333333,0.42500034,166,1.2500010000000006
"Lirola",11:45:51.6,43.30481716666666,5.461326166666667,0.42777812,165,0.027777800000000075
"Lirola",11:45:51.7,43.304817,5.461326666666666,0.33888916,165,0.8888895999999996
"Lirola",11:45:51.8,43.304817,5.461327,0,165,3.3888916
"Lirola",11:45:51.9,43.30481716666666,5.461327166666667,0,166,0
"Lirola",11:45:52.0,43.30481733333333,5.4613276666666675,0.3472225,166,3.472225
"Lirola",11:45:52.1,43.30481733333333,5.461328166666667,0.3472225,166,0
"Lirola",11:45:52.2,43.304817,5.461328333333333,0,166,3.472225
"Lirola",11:45:52.3,43.30481666666667,5.461328666666667,0.4583337,165,4.583337
"Lirola",11:45:52.4,43.30481616666667,5.461328833333334,0.54444488,165,0.8611118000000001
"Lirola",11:45:52.5,43.3048155,5.4613293333333335,0.74722282,165,2.027779399999999
"Lirola",11:45:52.6,43.304815166666664,5.461329666666667,0.50833374,165,2.3888907999999995
"Lirola",11:45:52.7,43.304815,5.461329666666667,0,165,5.0833374
"Lirola",11:45:52.8,43.30481483333333,5.461329666666667,0,165,0
"Lirola",11:45:52.9,43.30481483333333,5.4613293333333335,0,165,0
"Lirola",11:45:53.0,43.30481483333333,5.461328666666667,0.32777804,165,3.2777803999999997
"Lirola",11:45:53.1,43.30481483333333,5.461328,0.46388926,165,1.3611122000000002
"Lirola",11:45:53.2,43.304815,5.461326833333334,0.7500006,165,2.8611134
"Lirola",11:45:53.3,43.304815166666664,5.461326,0.7361117,165,0.13888899999999982
"Lirola",11:45:53.4,43.30481533333333,5.461325666666667,0.44722258,165,2.8888912
"Lirola",11:45:53.5,43.3048155,5.461325166666668,0.3888892,165,0.5833337999999999
"Lirola",11:45:53.6,43.3048155,5.461325166666668,0,165,3.888892
"Lirola",11:45:53.7,43.30481533333333,5.4613255,0,165,0
"Lirola",11:45:53.8,43.3048155,5.461325666666667,0,165,0
"Lirola",11:45:53.9,43.3048155,5.461325333333333,0,165,0
"Lirola",11:45:54.0,43.30481566666667,5.461324666666667,0.48055594,164,4.8055594
"Lirola",11:45:54.1,43.30481583333333,5.4613235,0.85833402,164,3.7777808
"Lirola",11:45:54.2,43.304816,5.461322166666667,1.01111192,164,1.5277790000000002
"Lirola",11:45:54.3,43.30481616666667,5.4613206666666665,1.18611206,164,1.7500013999999986
"Lirola",11:45:54.4,43.3048165,5.461320166666667,0.61388938,164,5.722226799999999
"Lirola",11:45:54.5,43.304816833333334,5.461319666666667,0.62222272,164,0.08333339999999967
"Lirola",11:45:54.6,43.30481716666666,5.461319166666667,0.5694449,164,0.5277781999999998
"Lirola",11:45:54.7,43.3048175,5.4613185,0.6527783,164,0.833334
"Lirola",11:45:54.8,43.304817666666665,5.461319,0,164,0
"Lirola",11:45:54.9,43.304817666666665,5.461321,1.26111212,164,0
"Lirola",11:45:55.0,43.30481783333334,5.4613233333333335,1.73889028,164,4.777781599999999
"Lirola",11:45:55.1,43.304818,5.461325,1.45555672,163,2.8333356
"Lirola",11:45:55.2,43.30481866666667,5.461326,1.1944454,163,2.6111131999999992
"Lirola",11:45:55.3,43.304819333333334,5.4613275,1.3750011,163,1.8055569999999999
"Lirola",11:45:55.4,43.30481966666667,5.461328166666667,0.8888896,163,4.861115
"Lirola",11:45:55.5,43.30481983333333,5.461329,0.75555616,163,1.3333343999999991
"Lirola",11:45:55.6,43.3048205,5.4613295,0.71388946,163,0.41666700000000056
"Lirola",11:45:55.7,43.304820666666664,5.461329666666667,0.51666708,163,1.9722238000000003
"Lirola",11:45:55.8,43.30482116666666,5.461329833333334,0.55000044,163,0.3333336000000009
"Lirola",11:45:55.9,43.30482166666666,5.461329833333334,0.5833338,163,0.3333335999999998
"Lirola",11:45:56.0,43.30482183333333,5.461329166666666,0.5694449,163,0.13888899999999982
"Lirola",11:45:56.1,43.30482216666667,5.461328333333333,0.58611158,163,0.16666679999999934
"Lirola",11:45:56.2,43.304822,5.461327333333334,0.63055606,163,0.4444448000000001
"Lirola",11:45:56.3,43.30482233333333,5.461326333333334,0.99722302,163,3.6666695999999996
"Lirola",11:45:56.4,43.30482366666667,5.461324833333334,1.68333468,163,0
"Lirola",11:45:56.5,43.304825333333326,5.461324,1.78611254,163,1.0277786
"Lirola",11:45:56.6,43.304827,5.461323,1.9305571,163,1.4444455999999994
"Lirola",11:45:56.7,43.30482816666666,5.4613206666666665,2.2500018,163,3.1944470000000025
"Lirola",11:45:56.8,43.304830333333335,5.461318833333333,2.60833542,163,3.583336199999998
"Lirola",11:45:56.9,43.30483283333333,5.461316833333334,3.03055798,163,4.2222256000000025
"Lirola",11:45:57.0,43.30483533333334,5.461315166666666,3.10555804,163,0.7500005999999981
"Lirola",11:45:57.1,43.30483816666667,5.461314166666667,3.1111136,163,0.05555559999999904
"Lirola",11:45:57.2,43.3048405,5.461312666666666,2.91111344,163,2.000001600000001
"Lirola",11:45:57.3,43.304843166666664,5.461311,3.22500258,163,3.138891400000001
"Lirola",11:45:57.4,43.304846166666664,5.461309166666667,3.53055838,163,3.0555580000000004
"Lirola",11:45:57.5,43.30484933333334,5.461308833333334,3.50278058,163,0.27777799999999964
"Lirola",11:45:57.6,43.304852833333335,5.461308833333334,3.85555864,163,3.527780599999999
"Lirola",11:45:57.7,43.30485683333333,5.461308833333334,4.20278114,163,3.472225
"Lirola",11:45:57.8,43.30486033333334,5.461308333333334,3.96389206,163,2.3888907999999986
"Lirola",11:45:57.9,43.30486366666666,5.461308166666667,3.82778084,163,1.3611122000000009
"Lirola",11:45:58.0,43.304866833333335,5.461308333333334,3.5555584,163,2.7222244000000018
"Lirola",11:45:58.1,43.30487016666667,5.4613085,3.72500298,164,1.694445800000004
"Lirola",11:45:58.2,43.3048735,5.461308833333334,3.68333628,164,0.4166670000000039
"Lirola",11:45:58.3,43.3048765,5.461308833333334,3.44166942,164,2.416668599999996
"Lirola",11:45:58.4,43.3048795,5.461308333333334,3.30833598,164,1.3333344000000036
"Lirola",11:45:58.5,43.304882166666665,5.461308166666667,3.10555804,164,2.0277793999999982
"Lirola",11:45:58.6,43.30488483333333,5.4613085,2.94166902,164,1.6388902000000005
"Lirola",11:45:58.7,43.30488716666667,5.461309,2.73889108,164,2.0277793999999982
"Lirola",11:45:58.8,43.304889333333335,5.461308666666667,2.46389086,164,2.7500022000000035
"Lirola",11:45:58.9,43.30489116666667,5.4613085,2.10277946,164,3.6111139999999997
"Lirola",11:45:59.0,43.304893,5.461309666666668,2.23889068,164,1.3611122000000009
"Lirola",11:45:59.1,43.30489466666667,5.461311333333334,2.24444624,164,0.05555559999999904
"Lirola",11:45:59.2,43.30489733333333,5.461312833333333,2.9027801,164,0
"Lirola",11:45:59.3,43.30489916666667,5.461314333333333,2.51666868,164,3.861114200000002
"Lirola",11:45:59.4,43.304900333333336,5.461314166666667,1.55833458,164,0
"Lirola",11:45:59.5,43.304902,5.4613138333333335,1.81666812,164,2.583335400000002
"Lirola",11:45:59.6,43.304903333333336,5.461313,1.57777904,164,2.388890800000001
"Lirola",11:45:59.7,43.30490416666667,5.4613125,1.2638899,164,3.138891400000001
"Lirola",11:45:59.8,43.304905166666664,5.4613121666666675,1.19722318,164,0.6666671999999996
"Lirola",11:45:59.9,43.30490666666666,5.461311666666667,1.50833454,165,3.1111135999999995
"Lirola",11:46:00.0,43.30490783333333,5.461311333333334,1.42222336,165,0.8611117999999984
"Lirola",11:46:00.1,43.30490916666667,5.4613115,1.46389006,165,0.41666699999999945
"Lirola",11:46:00.2,43.30491033333333,5.4613111666666665,1.3611122,165,1.0277786
"Lirola",11:46:00.3,43.30491133333334,5.461310833333334,1.16388982,165,1.9722237999999992
"Lirola",11:46:00.4,43.3049125,5.4613105,1.2916677,165,1.2777788
"Lirola",11:46:00.5,43.30491366666667,5.461309833333334,1.38889,165,0.9722229999999987
"Lirola",11:46:00.6,43.304914833333335,5.461309166666667,1.35833442,165,0.30555579999999916
"Lirola",11:46:00.7,43.30491583333333,5.461308333333334,1.36666776,165,0.08333339999999856
"Lirola",11:46:00.8,43.304917,5.4613076666666664,1.2777788,165,0.888889599999998
"Lirola",11:46:00.9,43.30491766666666,5.461307166666667,1.07777864,165,2.000001600000001
"Lirola",11:46:01.0,43.304919,5.461306666666667,1.32777884,167,2.500001999999999
"Lirola",11:46:01.1,43.30492,5.461306166666667,1.25833434,167,0.6944449999999991
"Lirola",11:46:01.2,43.304921,5.461306166666667,1.10000088,167,1.5833345999999993
"Lirola",11:46:01.3,43.30492183333334,5.461305666666667,1.0972231,167,0.02777780000000174
"Lirola",11:46:01.4,43.30492266666666,5.461305333333334,0.96944522,166,1.277778799999999
"Lirola",11:46:01.5,43.3049235,5.461304833333333,1.06111196,166,0.9166674000000008
"Lirola",11:46:01.6,43.30492433333333,5.461303833333333,1.1388898,166,0.7777783999999999
"Lirola",11:46:01.7,43.30492516666666,5.461302833333334,1.23055654,166,0.9166673999999997
"Lirola",11:46:01.8,43.30492616666667,5.461302333333333,1.14722314,166,0.8333340000000011
"Lirola",11:46:01.9,43.304927,5.461301666666667,1.06388974,166,0.8333339999999989
"Lirola",11:46:02.0,43.30492733333333,5.461301166666667,0.75555616,166,3.0833358
"Lirola",11:46:02.2,43.30492783333333,5.4612995,0.6527783,166,1.0277786
"Lirola",11:46:02.3,43.30492783333333,5.461298666666667,0.65555608,166,0.02777779999999952
"Lirola",11:46:02.4,43.30492766666667,5.461297833333334,0.67500054,166,0.19444459999999997
"Lirola",11:46:02.5,43.3049275,5.461297,0.71111168,167,0.3611114000000004
"Lirola",11:46:02.6,43.3049275,5.4612965,0.59444492,167,1.1666675999999998
"Lirola",11:46:02.7,43.3049275,5.461295666666667,0.6250005,167,0.30555579999999916
"Lirola",11:46:02.8,43.3049275,5.4612948333333335,0.68333388,167,0.5833337999999999
"Lirola",11:46:02.9,43.30492783333333,5.461294,0.7222228,167,0.38888920000000105
"Lirola",11:46:03.0,43.304928,5.4612931666666675,0.74166726,167,0.19444459999999997
"Lirola",11:46:03.1,43.304928,5.461292333333334,0.67777832,167,0.6388894
"Lirola",11:46:03.2,43.304928,5.461291666666667,0.60277826,167,0.7500006000000004
"Lirola",11:46:03.3,43.304928,5.461291,0.48333372,167,1.1944453999999998
"Lirola",11:46:03.4,43.304928,5.4612905,0.53888932,167,0.5555559999999998
"Lirola",11:46:03.5,43.30492783333333,5.46129,0.51111152,167,0.27777799999999964
"Lirola",11:46:03.6,43.30492766666667,5.4612895,0.40833366,167,1.0277786000000004
"Lirola",11:46:03.7,43.3049275,5.461289,0.50833374,167,1.0000007999999998
"Lirola",11:46:03.8,43.30492766666667,5.461288333333333,0.49722262,167,0.11111119999999974
"Lirola",11:46:03.9,43.3049275,5.4612878333333335,0.44722258,167,0.5000004000000002
"Lirola",11:46:04.0,43.304927166666666,5.4612875,0.32222248,166,1.250001
"Lirola",11:46:04.1,43.304927,5.461287666666667,0,166,3.2222248
"Lirola",11:46:04.2,43.304927,5.461288166666668,0,166,0
"Lirola",11:46:04.3,43.304927,5.461288833333334,0.4305559,166,4.305559
"Lirola",11:46:04.4,43.304927,5.461289333333334,0.43611146,166,0.05555560000000015
"Lirola",11:46:04.5,43.304927,5.461289833333334,0.40000032,166,0.36111139999999986
"Lirola",11:46:04.6,43.30492683333333,5.461290333333333,0.42777812,166,0.27777799999999964
"Lirola",11:46:04.7,43.30492683333333,5.461291,0.49166706,166,0.6388894
"Lirola",11:46:04.8,43.3049265,5.4612915,0.55277822,166,0.6111116
"Lirola",11:46:04.9,43.30492616666667,5.461292333333334,0.66944498,166,1.1666675999999998
"Lirola",11:46:05.0,43.30492583333333,5.461293,0.66388942,166,0.05555560000000015
"Lirola",11:46:05.1,43.30492566666666,5.461293833333333,0.71944502,166,0.5555560000000004
"Lirola",11:46:05.2,43.30492566666666,5.461294666666666,0.61944494,166,1.0000007999999994
"Lirola",11:46:05.3,43.30492583333333,5.461295166666667,0.50277818,166,1.166667600000001
"Lirola",11:46:05.4,43.30492583333333,5.461295333333334,0.3055558,166,1.9722237999999996
"Lirola",11:46:05.5,43.30492616666667,5.461296,0.51111152,166,2.0555572000000004
"Lirola",11:46:05.6,43.3049265,5.461296333333333,0.53611154,166,0.2500002000000001
"Lirola",11:46:05.7,43.30492666666667,5.461296833333334,0.48055594,166,0.5555560000000004
"Lirola",11:46:05.8,43.30492683333333,5.4612973333333334,0.43888924,167,0.416667
"Lirola",11:46:05.9,43.30492666666667,5.4612975,0,167,4.3888924
"Lirola",11:46:06.0,43.30492633333333,5.461297166666666,0,167,0
"Lirola",11:46:06.1,43.30492616666667,5.461296833333334,0.3611114,167,3.611114
"Lirola",11:46:06.2,43.30492583333333,5.461296666666667,0.42500034,167,0.6388893999999995
"Lirola",11:46:06.3,43.3049255,5.4612965,0.38055586,167,0.44444479999999953
"Lirola",11:46:06.4,43.30492533333334,5.461296166666667,0.3750003,167,0.05555560000000015
"Lirola",11:46:06.5,43.30492516666666,5.461296,0,165,3.750003
"Lirola",11:46:06.6,43.30492516666666,5.461296166666667,0,165,0
"Lirola",11:46:06.7,43.30492566666666,5.461296333333333,0.36388918,165,3.6388917999999997
"Lirola",11:46:06.8,43.30492616666667,5.461296833333334,0.6250005,165,2.6111131999999997
"Lirola",11:46:06.9,43.30492666666667,5.4612973333333334,0.6666672,166,0.41666700000000056
"Lirola",11:46:07.0,43.304927,5.4612975,0.44722258,166,2.1944462000000002
"Lirola",11:46:07.1,43.304927166666666,5.461297666666667,0.38611142,166,0.6111116
"Lirola",11:46:07.2,43.30492733333333,5.461298,0,165,3.8611142
"Lirola",11:46:07.3,43.304927166666666,5.461298166666667,0,165,0
"Lirola",11:46:07.4,43.30492666666667,5.461298166666667,0.3750003,165,3.750003
"Lirola",11:46:07.5,43.30492616666667,5.461297833333334,0.6250005,165,2.5000019999999994
"Lirola",11:46:07.6,43.30492533333334,5.4612975,0.85833402,166,2.3333352000000005
"Lirola",11:46:07.7,43.304924666666665,5.4612975,0.7500006,166,1.0833342000000001
"Lirola",11:46:07.8,43.30492433333333,5.461297666666667,0.5138893,166,2.361113
"Lirola",11:46:07.9,43.30492383333333,5.461298166666667,0.5833338,165,0.6944450000000002
"Lirola",11:46:08.0,43.30492366666667,5.461298666666667,0.54444488,165,0.38888919999999993
"Lirola",11:46:08.1,43.3049235,5.461299333333334,0.53333376,165,0.1111112000000003
"Lirola",11:46:08.2,43.304923,5.461299666666666,0.64166718,167,1.0833342000000001
"Lirola",11:46:08.3,43.30492233333333,5.4613,0.62222272,167,0.19444459999999997
"Lirola",11:46:08.4,43.30492233333333,5.461299666666666,0,167,0
"Lirola",11:46:08.5,43.304922,5.461299333333334,0.3888892,167,3.888892
"Lirola",11:46:08.6,43.304921666666665,5.461299833333333,0.4722226,166,0.833334
"Lirola",11:46:08.8,43.30492133333333,5.461301,0.3194447,166,1.5277789999999996
"Lirola",11:46:08.9,43.30492133333333,5.461301666666667,0.55000044,166,2.3055574
"Lirola",11:46:09.0,43.30492183333334,5.461301833333334,0.416667,166,1.3333344000000003
"Lirola",11:46:09.1,43.30492233333333,5.461302,0.48333372,166,0.6666672000000001
"Lirola",11:46:09.2,43.30492316666667,5.4613015,0.7638895,166,2.8055577999999994
"Lirola",11:46:09.3,43.304924,5.4613005,0.98055634,166,2.1666684000000003
"Lirola",11:46:09.4,43.3049245,5.461301166666667,0.6250005,167,3.5555584000000007
"Lirola",11:46:09.5,43.30492533333334,5.461302,0.88333404,167,2.5833354000000006
"Lirola",11:46:09.6,43.30492683333333,5.4613025,1.52222344,167,0
"Lirola",11:46:09.7,43.304928,5.4613035,1.51944566,167,0.02777780000000174
"Lirola",11:46:09.8,43.304929,5.461307,2.47500198,166,0
"Lirola",11:46:09.9,43.30493,5.46131,2.68333548,166,2.0833350000000017
"Lirola",11:46:10.0,43.30492983333333,5.4613138333333335,2.94722458,166,2.6388909999999965
"Lirola",11:46:10.1,43.30493,5.461316666666667,2.57222428,166,3.7500029999999995
"Lirola",11:46:10.2,43.30493033333333,5.4613198333333335,2.5138909,166,0.583333800000001
"Lirola",11:46:10.3,43.3049305,5.461323833333334,3.02500242,166,5.1111152
"Lirola",11:46:10.4,43.30493066666667,5.461326333333334,2.26944626,166,0
"Lirola",11:46:10.5,43.30493066666667,5.4613295,2.44166862,166,1.7222236000000013
"Lirola",11:46:10.6,43.30493083333333,5.461333,2.80833558,166,3.6666695999999988
"Lirola",11:46:10.7,43.304931333333336,5.461335666666667,2.41389082,166,3.9444475999999984
"Lirola",11:46:10.8,43.304931833333335,5.4613388333333335,2.53611314,166,1.2222231999999966
"Lirola",11:46:10.9,43.304933,5.461342666666667,3.10278026,167,5.6666712
"Lirola",11:46:11.0,43.3049335,5.461346166666667,2.97500238,167,1.2777788
"Lirola",11:46:11.1,43.3049335,5.46135,3.11666916,167,1.4166678
"Lirola",11:46:11.2,43.304933166666665,5.461354833333333,3.56666952,166,4.500003600000002
"Lirola",11:46:11.3,43.30493383333333,5.4613586666666665,3.38055826,166,1.8611126000000011
"Lirola",11:46:11.4,43.30493383333333,5.461362666666667,3.20000256,166,1.8055569999999976
"Lirola",11:46:11.5,43.30493466666667,5.461366333333333,3.01111352,166,1.8888904000000029
"Lirola",11:46:11.6,43.30493516666667,5.46137,3.04722466,166,0.3611114000000004
"Lirola",11:46:11.7,43.304935,5.4613745,3.43889164,166,3.916669800000001
"Lirola",11:46:11.8,43.30493533333333,5.4613775,3.02500242,166,4.138892200000002
"Lirola",11:46:11.9,43.30493583333334,5.4613803333333335,2.68333548,167,3.4166693999999964
"Lirola",11:46:12.0,43.30493666666666,5.461383166666667,2.52500202,167,1.5833346000000015
"Lirola",11:46:12.1,43.304937,5.461385333333333,2.01111272,167,5.138893000000002
"Lirola",11:46:12.2,43.30493683333333,5.461388,2.05277942,167,0.41666699999999945
"Lirola",11:46:12.3,43.30493716666667,5.4613895,1.5555568,166,4.972226199999998
"Lirola",11:46:12.4,43.304937833333334,5.461390833333334,1.46389006,166,0.9166673999999997
"Lirola",11:46:12.5,43.30493833333333,5.461391833333334,0.972223,166,4.9166706
"Lirola",11:46:12.6,43.30493883333333,5.461393166666666,1.17500094,166,2.0277794000000013
"Lirola",11:46:12.7,43.304939,5.461394833333333,1.46111228,166,2.8611133999999994
"Lirola",11:46:12.8,43.30493933333334,5.461396833333334,1.67777912,166,2.1666684000000003
"Lirola",11:46:12.9,43.304939166666664,5.461398833333334,1.8333348,166,1.5555567999999997
"Lirola",11:46:13.0,43.304939,5.461400666666667,1.51666788,166,3.1666692000000007
"Lirola",11:46:13.1,43.30493883333333,5.461402166666667,1.31111216,166,2.0555572
"Lirola",11:46:13.2,43.30493883333333,5.4614036666666665,1.27222324,166,0.38888919999999993
"Lirola",11:46:13.3,43.30493866666667,5.4614053333333334,1.30000104,166,0.27777799999999964
"Lirola",11:46:13.4,43.304939,5.461407166666667,1.43333448,167,1.3333344000000014
"Lirola",11:46:13.5,43.304939,5.461409166666667,1.57222348,167,1.3888899999999982
"Lirola",11:46:13.6,43.304939,5.461410666666667,1.47500118,167,0.9722229999999987
"Lirola",11:46:13.7,43.30493933333334,5.4614123333333335,1.37777888,167,0.972223000000001
"Lirola",11:46:13.8,43.3049395,5.461414,1.33888996,167,0.38888919999999993
"Lirola",11:46:13.9,43.30493966666666,5.461415833333334,1.3750011,167,0.3611114000000004
"Lirola",11:46:14.0,43.30493966666666,5.461417833333334,1.53889012,167,1.6388902000000005
"Lirola",11:46:14.1,43.304939833333336,5.4614195,1.60000128,167,0.6111116000000005
"Lirola",11:46:14.2,43.30494,5.461421166666667,1.38611222,167,2.1388906000000008
"Lirola",11:46:14.3,43.30494033333333,5.4614226666666665,1.31111216,167,0.7500006000000004
"Lirola",11:46:14.4,43.304941,5.461424333333333,1.35555664,167,0.4444448000000012
"Lirola",11:46:14.5,43.3049415,5.461425833333334,1.4444456,167,0.8888896000000002
"Lirola",11:46:14.6,43.304942,5.461427166666668,1.36944554,167,0.7500006000000004
"Lirola",11:46:14.7,43.30494233333334,5.461428833333334,1.35833442,167,0.1111112000000003
"Lirola",11:46:14.8,43.30494266666666,5.461430166666667,1.23888988,169,1.1944453999999993
"Lirola",11:46:14.9,43.304943,5.461431666666667,1.21666764,169,0.2222224000000006
"Lirola",11:46:15.0,43.30494316666666,5.461433166666667,1.2638899,169,0.4722225999999985
"Lirola",11:46:15.1,43.3049435,5.461434166666667,1.14444536,169,1.1944453999999993
"Lirola",11:46:15.2,43.304943833333326,5.461435333333333,1.03888972,168,1.0555563999999995
"Lirola",11:46:15.3,43.30494433333333,5.461436333333333,0.9305563,168,1.0833342000000001
"Lirola",11:46:15.4,43.30494483333333,5.461437,0.90000072,168,0.30555580000000027
"Lirola",11:46:15.5,43.30494533333333,5.461437833333333,0.88055626,169,0.19444459999999997
"Lirola",11:46:15.6,43.304945833333335,5.461438666666667,1.00833414,169,1.2777788000000012
"Lirola",11:46:15.7,43.3049465,5.461439666666667,1.08888976,169,0.8055561999999994
"Lirola",11:46:15.8,43.304947166666665,5.4614408333333335,1.1527787,169,0.6388894
"Lirola",11:46:15.9,43.304948,5.461441833333334,1.18333428,169,0.30555579999999916
"Lirola",11:46:16.0,43.304948833333334,5.461442333333334,1.0277786,169,1.5555567999999997
"Lirola",11:46:16.1,43.30494916666667,5.461442666666667,0.65555608,170,3.7222252
"Lirola",11:46:16.2,43.3049495,5.461443,0.49722262,170,1.5833345999999997
"Lirola",11:46:16.3,43.30494966666667,5.461443333333333,0.36944474,170,1.2777788
"Lirola",11:46:16.4,43.30494983333333,5.461443166666667,0,170,3.6944473999999996
"Lirola",11:46:16.5,43.30494983333333,5.461443,0,170,0
"Lirola",11:46:16.6,43.3049495,5.461442833333333,0,170,0
"Lirola",11:46:16.7,43.30494916666667,5.461443,0.35277806,170,3.5277806
"Lirola",11:46:16.8,43.30494866666667,5.461443,0.4305559,170,0.7777783999999999
"Lirola",11:46:16.9,43.30494816666667,5.461442833333333,0.50277818,170,0.7222227999999997
"Lirola",11:46:17.0,43.30494783333333,5.461442833333333,0.44722258,170,0.5555559999999998
"Lirola",11:46:17.1,43.3049475,5.4614425,0.5000004,170,0.5277782000000003
"Lirola",11:46:17.2,43.304947166666665,5.4614425,0.39166698,170,1.0833342000000001
"Lirola",11:46:17.3,43.304947,5.461442166666667,0.38333364,170,0.08333340000000022
"Lirola",11:46:17.4,43.304947166666665,5.4614415,0.41388922,170,0.30555580000000027
"Lirola",11:46:17.5,43.30494733333333,5.4614408333333335,0.59444492,170,1.8055570000000003
"Lirola",11:46:17.6,43.30494766666666,5.461440166666667,0.63611162,169,0.41666699999999945
"Lirola",11:46:17.7,43.30494783333333,5.4614395,0.6527783,169,0.16666680000000045
"Lirola",11:46:17.8,43.30494816666667,5.461438833333333,0.61944494,169,0.3333335999999998
"Lirola",11:46:17.9,43.30494833333333,5.461438333333334,0.55000044,169,0.6944450000000002
"Lirola",11:46:18.0,43.30494833333333,5.461438166666667,0,169,5.5000044
"Lirola",11:46:18.1,43.3049485,5.461437666666667,0.3333336,169,3.333336
"Lirola",11:46:18.3,43.30494833333333,5.461437166666667,0.31666692,169,0.1666667999999999
"Lirola",11:46:18.4,43.30494816666667,5.461436666666667,0.41388922,169,0.9722229999999998
"Lirola",11:46:18.5,43.30494816666667,5.461436333333333,0.3611114,169,0.5277781999999998
"Lirola",11:46:18.6,43.30494783333333,5.461436166666666,0.3888892,169,0.27777799999999964
"Lirola",11:46:18.7,43.30494783333333,5.461435833333334,0.40000032,168,0.1111112000000003
"Lirola",11:46:18.8,43.30494783333333,5.4614355,0.33055582,168,0.6944450000000002
"Lirola",11:46:18.9,43.304948,5.461435166666667,0.31388914,168,0.1666667999999999
"Lirola",11:46:19.0,43.30494833333333,5.461435166666667,0,168,3.1388914
"Lirola",11:46:19.1,43.30494866666667,5.461435166666667,0,169,0
"Lirola",11:46:19.2,43.30494933333333,5.461435,0.53888932,169,5.3888932
"Lirola",11:46:19.3,43.304950166666664,5.461435166666667,0.71944502,169,1.8055569999999999
"Lirola",11:46:19.4,43.3049505,5.461435,0.53888932,168,1.8055569999999999
"Lirola",11:46:19.5,43.304951,5.461435,0.46944482,168,0.6944450000000002
"Lirola",11:46:19.6,43.30495116666666,5.461435333333333,0,168,4.694448199999999
"Lirola",11:46:19.7,43.30495116666666,5.461435833333334,0,168,0
"Lirola",11:46:19.8,43.30495116666666,5.4614365,0.46388926,168,4.6388926
"Lirola",11:46:19.9,43.304950833333336,5.461437166666667,0.55277822,168,0.8888895999999996
"Lirola",11:46:20.0,43.30495033333334,5.461437833333333,0.70277834,168,1.5000011999999996
"Lirola",11:46:20.1,43.30494966666667,5.4614385,0.87222292,169,1.6944458000000007
"Lirola",11:46:20.2,43.30494916666667,5.461439166666667,0.76666728,169,1.0555564000000006
"Lirola",11:46:20.3,43.304949,5.461439833333334,0.6527783,169,1.1388897999999992
"Lirola",11:46:20.4,43.304948833333334,5.461440333333333,0.42222256,169,2.3055574
"Lirola",11:46:20.5,43.304949,5.4614408333333335,0.43888924,169,0.1666667999999999
"Lirola",11:46:20.6,43.30494933333333,5.4614416666666665,0.56388934,169,1.250001
"Lirola",11:46:20.7,43.30494983333333,5.461442333333334,0.68333388,169,1.1944453999999993
"Lirola",11:46:20.8,43.304950166666664,5.4614435,0.91111184,169,2.2777796000000006
"Lirola",11:46:20.9,43.304951,5.461444833333334,1.16944538,169,2.5833353999999997
"Lirola",11:46:21.0,43.30495166666667,5.461446333333334,1.3055566,169,1.3611122000000009
"Lirola",11:46:21.1,43.304952166666666,5.461446666666666,0.80000064,169,5.0555596
"Lirola",11:46:21.2,43.30495266666667,5.4614475,0.833334,168,0.3333335999999998
"Lirola",11:46:21.3,43.30495283333333,5.461447833333334,0.51666708,168,3.1666692000000007
"Lirola",11:46:21.4,43.304953,5.461448333333333,0.37777808,168,1.3888899999999993
"Lirola",11:46:21.5,43.30495333333334,5.461449,0.53888932,168,1.6111124
"Lirola",11:46:21.6,43.30495366666666,5.461449166666666,0.45277814,167,0.8611118000000001
"Lirola",11:46:21.7,43.304953833333336,5.4614495,0.43333368,167,0.19444459999999997
"Lirola",11:46:21.8,43.304953833333336,5.461449833333334,0,167,4.3333368
"Lirola",11:46:21.9,43.304954,5.461449666666667,0,167,0
"Lirola",11:46:22.0,43.304954,5.461449666666667,0,167,0
"Lirola",11:46:22.1,43.30495416666666,5.461449333333333,0,167,0
"Lirola",11:46:22.2,43.30495416666666,5.4614486666666675,0.41944478,167,4.1944478
"Lirola",11:46:22.3,43.304954,5.4614476666666665,0.69166722,168,2.7222244
"Lirola",11:46:22.4,43.3049535,5.4614465,1.01944526,168,3.277780399999999
"Lirola",11:46:22.5,43.30495266666667,5.461444666666667,1.58055682,168,5.611115600000001
"Lirola",11:46:22.6,43.304951833333334,5.461442666666667,1.71111248,168,1.3055565999999996
"Lirola",11:46:22.7,43.30495133333333,5.4614415,1.33611218,168,3.7500029999999995
"Lirola",11:46:22.8,43.30495133333333,5.461440333333333,0.99444524,168,3.4166693999999995
"Lirola",11:46:22.9,43.304950833333336,5.461438833333333,1.2361121,168,2.416668599999999
"Lirola",11:46:23.0,43.30495066666666,5.461438,0.9027785,167,3.3333359999999987
"Lirola",11:46:23.1,43.3049505,5.461437666666667,0.54444488,167,3.5833362
"Lirola",11:46:23.2,43.30495,5.461437333333334,0.58888936,167,0.4444448000000001
"Lirola",11:46:23.3,43.30494966666667,5.461436833333334,0.65833386,167,0.6944450000000002
"Lirola",11:46:23.4,43.30494916666667,5.461436666666667,0.50555596,168,1.5277790000000002
"Lirola",11:46:23.5,43.30494866666667,5.461437166666667,0.62222272,168,1.1666675999999998
"Lirola",11:46:23.6,43.30494766666666,5.461437666666667,1.01666748,168,3.9444475999999993
"Lirola",11:46:23.7,43.3049475,5.461438666666667,0.83055622,168,1.8611126
"Lirola",11:46:23.8,43.304947166666665,5.461439833333334,0.91111184,168,0.8055562000000005
"Lirola",11:46:23.9,43.30494733333333,5.461440333333333,0.46944482,168,4.4166701999999995
"Lirola",11:46:24.0,43.30494683333334,5.461441333333333,0.89166738,167,4.2222256
"Lirola",11:46:24.1,43.30494516666667,5.461443166666667,2.08611278,167,0
"Lirola",11:46:24.2,43.304943333333334,5.4614445,2.16111284,167,0.7500005999999981
"Lirola",11:46:24.3,43.30494166666667,5.461445833333333,2.14166838,167,0.19444459999999886
"Lirola",11:46:24.4,43.30494033333333,5.461446,1.7222236,167,4.194447800000001
"Lirola",11:46:24.5,43.30493866666667,5.4614476666666665,2.01666828,167,2.9444468000000024
"Lirola",11:46:24.6,43.304935666666665,5.46145,3.5972251,167,0
"Lirola",11:46:24.7,43.304933166666665,5.461452,3.24444704,168,3.5277806000000034
"Lirola",11:46:24.8,43.304930166666665,5.4614525,3.2777804,168,0.3333336000000031
"Lirola",11:46:24.9,43.3049265,5.461453333333334,3.91111424,168,0
"Lirola",11:46:25.0,43.30492316666667,5.461454333333333,3.67222516,168,2.3888907999999986
"Lirola",11:46:25.1,43.30491966666667,5.461455833333334,4.027781,168,3.5555584000000007
"Lirola",11:46:25.2,43.30491716666667,5.4614563333333335,3.24166926,168,0
"Lirola",11:46:25.3,43.30491383333334,5.4614565,3.64444736,168,4.027780999999999
"Lirola",11:46:25.4,43.30491016666667,5.461456666666667,3.88333644,168,2.3888907999999986
"Lirola",11:46:25.5,43.304906833333334,5.4614565,3.72500298,168,1.583334599999997
"Lirola",11:46:25.7,43.3049,5.4614575,3.85278086,168,1.2777788
"Lirola",11:46:25.8,43.304897,5.461458166666667,3.39166938,168,4.6111148
"Lirola",11:46:25.9,43.30489383333333,5.461458833333333,3.61389178,170,2.222223999999997
"Lirola",11:46:26.0,43.3048905,5.461458833333333,3.56111396,170,0.5277781999999975
"Lirola",11:46:26.1,43.304887666666666,5.461459666666667,3.4583361,170,1.0277786000000022
"Lirola",11:46:26.2,43.30488483333333,5.461460333333334,3.31111376,170,1.472223399999999
"Lirola",11:46:26.3,43.304882166666665,5.461461,3.04444688,170,2.6666687999999983
"Lirola",11:46:26.4,43.30487983333333,5.461461333333334,2.77778,170,2.6666688000000027
"Lirola",11:46:26.5,43.304877833333336,5.461462,2.46389086,170,3.138891400000001
"Lirola",11:46:26.6,43.304876,5.461463666666667,2.66944658,170,2.0555572
"Lirola",11:46:26.7,43.30487433333334,5.461465,2.0555572,170,0
"Lirola",11:46:26.8,43.30487316666667,5.4614658333333335,1.6805569,170,3.7500029999999995
"Lirola",11:46:26.9,43.30487183333334,5.461466833333333,1.75833474,169,0.7777783999999999
"Lirola",11:46:27.0,43.30487016666667,5.4614676666666675,1.93611266,169,1.7777792000000003
"Lirola",11:46:27.1,43.30486883333333,5.461468333333333,1.67500134,169,2.6111132000000015
"Lirola",11:46:27.2,43.30486783333333,5.4614685,1.22777876,169,4.472225799999998
"Lirola",11:46:27.3,43.3048665,5.461469333333334,1.58889016,169,3.6111139999999997
"Lirola",11:46:27.4,43.30486533333333,5.461469833333333,1.46111228,169,1.2777788
"Lirola",11:46:27.5,43.304863833333336,5.4614705,1.53611234,169,0.7500006000000004
"Lirola",11:46:27.6,43.304862666666665,5.461471,1.4027789,169,1.3333344000000014
"Lirola",11:46:27.7,43.3048615,5.461471833333334,1.58889016,169,1.8611126000000011
"Lirola",11:46:27.8,43.30486033333334,5.461472333333333,1.36944554,169,2.1944462
"Lirola",11:46:27.9,43.30485916666667,5.461472666666667,1.30277882,169,0.6666672000000018
"Lirola",11:46:28.0,43.30485783333333,5.461472666666667,1.45277894,169,1.5000012000000007
"Lirola",11:46:28.1,43.3048565,5.461472666666667,1.42222336,169,0.30555579999999916
"Lirola",11:46:28.2,43.30485533333333,5.461472666666667,1.4027789,169,0.19444460000000108
"Lirola",11:46:28.3,43.30485433333333,5.4614728333333336,1.2222232,171,1.8055569999999999
"Lirola",11:46:28.4,43.30485316666666,5.461473,1.19166762,171,0.30555579999999916
"Lirola",11:46:28.5,43.30485216666667,5.461473166666666,1.21388986,171,0.2222224000000006
"Lirola",11:46:28.6,43.304851166666666,5.461473666666667,1.20277874,171,0.1111112000000003
"Lirola",11:46:28.7,43.30485,5.461473833333334,1.2777788,171,0.7500006000000004
"Lirola",11:46:28.8,43.30484916666666,5.461474166666667,1.12222312,171,1.555556800000002
"Lirola",11:46:28.9,43.304848166666666,5.461474166666667,1.03611194,171,0.8611117999999984
"Lirola",11:46:29.0,43.30484716666667,5.461474,1.04444528,171,0.08333339999999856
"Lirola",11:46:29.1,43.3048465,5.4614735,0.9583341,171,0.8611117999999995
"Lirola",11:46:29.2,43.30484583333333,5.461473166666666,0.85833402,171,1.0000007999999994
"Lirola",11:46:29.3,43.30484533333333,5.461473166666666,0.78611174,171,0.7222228000000008
"Lirola",11:46:29.4,43.30484466666667,5.4614735,0.7500006,171,0.3611113999999993
"Lirola",11:46:29.5,43.30484416666667,5.461473833333334,0.74722282,171,0.02777780000000063
"Lirola",11:46:29.6,43.30484333333333,5.4614745,0.97500078,171,2.2777796000000006
"Lirola",11:46:29.7,43.30484233333333,5.461475166666667,1.13611202,171,1.6111123999999988
"Lirola",11:46:29.8,43.30484166666667,5.4614755,0.95000076,171,1.861112599999999
"Lirola",11:46:29.9,43.30484116666667,5.461475666666668,0.68333388,171,2.6666688000000005
"Lirola",11:46:30.0,43.304841,5.461476,0.5000004,171,1.8333347999999994
"Lirola",11:46:30.1,43.30484083333333,5.461476333333334,0.38333364,172,1.1666676000000002
"Lirola",11:46:30.2,43.30484083333333,5.461476833333334,0.40000032,172,0.16666680000000045
"Lirola",11:46:30.3,43.30484066666667,5.4614775,0.54722266,172,1.4722233999999994
"Lirola",11:46:30.4,43.30484116666667,5.4614785,0.75555616,171,2.0833350000000004
"Lirola",11:46:30.5,43.3048415,5.461479333333334,0.78888952,171,0.3333335999999998
"Lirola",11:46:30.6,43.304841833333334,5.461479833333334,0.57777824,171,2.1111128
"Lirola",11:46:30.7,43.304842,5.4614805,0.6111116,171,0.3333335999999998
"Lirola",11:46:30.8,43.3048425,5.461480833333333,0.54722266,172,0.6388894
"Lirola",11:46:30.9,43.30484283333334,5.461480833333333,0.48333372,172,0.6388893999999995
"Lirola",11:46:31.0,43.30484333333333,5.4614806666666675,0.44166702,172,0.416667
"Lirola",11:46:31.1,43.30484366666666,5.4614805,0.43611146,173,0.05555560000000015
"Lirola",11:46:31.2,43.30484416666667,5.461480166666667,0.56111156,173,1.2500009999999995
"Lirola",11:46:31.3,43.3048445,5.46148,0.41388922,173,1.4722233999999994
"Lirola",11:46:31.4,43.304844833333334,5.4614796666666665,0.48888928,172,0.7500005999999998
"Lirola",11:46:31.5,43.30484516666667,5.4614795,0.46111148,172,0.27777799999999964
"Lirola",11:46:31.6,43.3048455,5.4614795,0.44722258,172,0.13888900000000037
"Lirola",11:46:31.7,43.304846,5.4614796666666665,0.44722258,172,0
"Lirola",11:46:31.8,43.3048465,5.46148,0.5416671,172,0.9444451999999998
"Lirola",11:46:31.9,43.30484683333333,5.4614805,0.56388934,172,0.2222224000000006
"Lirola",11:46:32.0,43.30484716666667,5.4614806666666675,0.49166706,172,0.7222228000000003
"Lirola",11:46:32.1,43.3048475,5.461481166666666,0.51111152,172,0.19444460000000052
"Lirola",11:46:32.2,43.30484783333333,5.4614815,0.39722254,172,1.1388898000000003
"Lirola",11:46:32.3,43.304848,5.4614815,0,172,3.9722254
"Lirola",11:46:32.4,43.304848166666666,5.4614815,0,172,0
"Lirola",11:46:32.5,43.30484833333333,5.461481333333333,0,172,0
"Lirola",11:46:32.6,43.3048485,5.461481166666666,0,172,0
"Lirola",11:46:32.7,43.30484866666667,5.461480833333333,0,172,0
"Lirola",11:46:32.8,43.30484883333333,5.461480166666667,0.42500034,172,4.2500034
"Lirola",11:46:32.9,43.30484883333333,5.4614795,0.5833338,172,1.5833346000000004
"Lirola",11:46:33.0,43.30484866666667,5.461478666666666,0.5972227,172,0.13888899999999982
"Lirola",11:46:33.1,43.30484866666667,5.461478166666668,0.44722258,173,1.5000012
"Lirola",11:46:33.2,43.30484866666667,5.461477666666667,0.41111144,173,0.36111139999999986
"Lirola",11:46:33.3,43.3048485,5.4614775,0,173,4.1111144
"Lirola",11:46:33.4,43.3048485,5.461477666666667,0,173,0
"Lirola",11:46:33.5,43.3048485,5.461478,0,173,0
"Lirola",11:46:33.6,43.3048485,5.461478666666666,0.40555588,173,4.055558799999999
"Lirola",11:46:33.7,43.30484866666667,5.461479,0.33888916,173,0.6666671999999996
"Lirola",11:46:33.8,43.30484866666667,5.461479166666667,0,172,3.3888916
"Lirola",11:46:33.9,43.30484866666667,5.461479333333334,0,172,0
"Lirola",11:46:34.0,43.3048485,5.461479333333334,0,172,0
"Lirola",11:46:34.1,43.30484833333333,5.4614795,0,172,0
"Lirola",11:46:34.2,43.304848,5.4614795,0.3194447,172,3.1944470000000003
"Lirola",11:46:34.3,43.30484766666667,5.4614796666666665,0.39722254,172,0.7777783999999999
"Lirola",11:46:34.4,43.30484716666667,5.4614796666666665,0.555556,172,1.5833346000000004
"Lirola",11:46:34.5,43.30484666666666,5.4614796666666665,0.6250005,171,0.6944449999999991
"Lirola",11:46:34.6,43.30484583333333,5.4614796666666665,0.82500066,171,2.000001600000001
"Lirola",11:46:34.7,43.30484516666667,5.4614795,0.82500066,171,0
"Lirola",11:46:34.8,43.3048445,5.4614796666666665,0.81111176,171,0.13888900000000093
"Lirola",11:46:34.9,43.30484416666667,5.461479833333334,0.55833378,172,2.5277797999999994
"Lirola",11:46:35.0,43.30484383333333,5.4614795,0.46666704,172,0.9166674000000002
"Lirola",11:46:35.1,43.30484383333333,5.4614795,0,172,4.666670399999999
"Lirola",11:46:35.2,43.30484383333333,5.461479333333334,0,171,0
"Lirola",11:46:35.3,43.30484366666666,5.461479,0.30000024,171,3.0000023999999996
"Lirola",11:46:35.4,43.30484366666666,5.4614788333333335,0,171,3.0000023999999996
"Lirola",11:46:35.5,43.30484366666666,5.4614785,0,171,0
"Lirola",11:46:35.6,43.30484366666666,5.461478333333333,0,170,0
"Lirola",11:46:35.7,43.30484383333333,5.461477833333333,0.36388918,170,3.6388917999999997
"Lirola",11:46:35.8,43.304844,5.461477333333334,0.48333372,170,1.1944454000000004
"Lirola",11:46:35.9,43.304844,5.461476833333334,0.45000036,170,0.33333360000000034
"Lirola",11:46:36.0,43.304844833333334,5.4614765,0.7083339,169,2.5833353999999997
"Lirola",11:46:36.1,43.30484633333334,5.4614765,1.4166678,169,0
"Lirola",11:46:36.2,43.30484766666667,5.461476,1.46389006,169,0.4722226000000007
"Lirola",11:46:36.3,43.3048485,5.4614755,1.06388974,170,4.000003199999999
"Lirola",11:46:36.4,43.30484966666666,5.461475,1.17500094,170,1.1111120000000008
"Lirola",11:46:36.5,43.30485083333333,5.461474,1.40833446,170,2.3333351999999996
"Lirola",11:46:36.6,43.304851166666666,5.461473833333334,0.66111164,170,0
"Lirola",11:46:36.7,43.30485183333333,5.461473333333333,0.75277838,170,0.9166673999999997
"Lirola",11:46:36.8,43.30485216666667,5.461473,0.5416671,170,2.1111128
"Lirola",11:46:36.9,43.30485216666667,5.4614725,0.38611142,170,1.5555567999999997
"Lirola",11:46:37.0,43.304852,5.461471333333334,0.8888896,169,5.0277818
"Lirola",11:46:37.1,43.30485183333333,5.461470666666666,0.61666716,169,2.7222243999999995
"Lirola",11:46:37.2,43.30485133333333,5.461471166666667,0.51944486,169,0.9722229999999998
"Lirola",11:46:37.3,43.30485083333333,5.461471333333334,0.5416671,169,0.2222223999999995
"Lirola",11:46:37.4,43.30485066666667,5.461472,0.56666712,169,0.2500002000000001
"Lirola",11:46:37.5,43.3048505,5.4614715,0.36944474,169,1.9722237999999996
"Lirola",11:46:37.6,43.30485,5.461470833333333,0.75833394,169,3.888892
"Lirola",11:46:37.7,43.30484916666666,5.461470166666667,1.10277866,170,3.4444472000000004
"Lirola",11:46:37.8,43.30484833333333,5.461469333333334,1.17500094,170,0.7222228000000008
"Lirola",11:46:37.9,43.304847,5.461466166666667,2.51666868,170,0
"Lirola",11:46:38.0,43.3048455,5.461463333333334,2.7222244,170,2.0555572
"Lirola",11:46:38.1,43.304844833333334,5.46146,2.81389114,170,0.9166673999999997
"Lirola",11:46:38.2,43.3048445,5.4614565,2.83055782,170,0.16666680000000156
"Lirola",11:46:38.3,43.304844,5.461454,2.21111288,170,0
"Lirola",11:46:38.4,43.30484333333333,5.4614486666666675,3.90000312,169,0
"Lirola",11:46:38.5,43.3048435,5.461444833333334,3.20278034,169,0
"Lirola",11:46:38.6,43.30484283333334,5.461441333333333,3.01944686,169,1.8333347999999994
"Lirola",11:46:38.7,43.30484233333333,5.461436333333333,3.78611414,169,0
"Lirola",11:46:38.8,43.30484216666666,5.461432666666667,3.2638915,170,5.2222263999999985
"Lirola",11:46:38.9,43.304841333333336,5.4614285,3.42222496,170,1.583334599999997
"Lirola",11:46:39.0,43.3048405,5.461425,3.10555804,170,3.1666691999999985
"Lirola",11:46:39.1,43.30484033333333,5.4614205,3.47778056,170,3.722225199999998
"Lirola",11:46:39.2,43.304839666666666,5.461414666666666,4.32222568,170,0
"Lirola",11:46:39.3,43.304839,5.461410666666667,3.66389182,170,0
"Lirola",11:46:39.4,43.30483866666666,5.461406833333333,3.22500258,170,4.3888924
"Lirola",11:46:39.5,43.30483766666667,5.4614028333333335,3.27500262,170,0.5000004000000002
"Lirola",11:46:39.6,43.30483733333333,5.461399166666667,3.08611358,170,1.8888903999999984
"Lirola",11:46:39.7,43.304837166666665,5.4613945,3.5833362,170,4.972226200000001
"Lirola",11:46:39.8,43.3048365,5.4613915,2.95555792,170,0
"Lirola",11:46:39.9,43.30483566666666,5.461388,3.03333576,170,0.7777783999999999
"Lirola",11:46:40.0,43.30483516666666,5.461385166666666,2.44166862,170,5.916671399999998
"Lirola",11:46:40.1,43.30483483333334,5.461382166666667,2.41944638,170,0.2222224000000006
"Lirola",11:46:40.2,43.30483433333333,5.4613795,2.3055574,170,1.1388898000000003
"Lirola",11:46:40.3,43.30483333333333,5.4613775,2.06389054,170,2.4166686000000004
"Lirola",11:46:40.4,43.3048325,5.461375166666667,1.9166682,170,1.4722234000000012
"Lirola",11:46:40.5,43.304832,5.4613735,1.5000012,170,4.166669999999999
"Lirola",11:46:40.6,43.30483183333334,5.461371,1.93889044,171,4.3888924
"Lirola",11:46:40.7,43.30483183333334,5.461368166666667,2.18889064,171,2.500001999999999
"Lirola",11:46:40.8,43.304832166666664,5.4613655,2.13333504,171,0.5555559999999993
"Lirola",11:46:40.9,43.30483266666666,5.461363,2.10833502,172,0.2500001999999979
"Lirola",11:46:41.0,43.30483266666666,5.4613613333333335,1.64722354,172,4.611114800000002
"Lirola",11:46:41.1,43.3048325,5.461359166666667,1.666668,172,0.19444460000000108
"Lirola",11:46:41.2,43.304832,5.461357166666667,1.7083347,172,0.41666699999999945
"Lirola",11:46:41.3,43.304831666666665,5.461355166666667,1.64444576,172,0.6388894
"Lirola",11:46:41.4,43.3048315,5.461353833333334,1.36944554,172,2.750002199999999
"Lirola",11:46:41.5,43.30483116666667,5.461352166666667,1.3750011,172,0.05555559999999904
"Lirola",11:46:41.6,43.304831,5.461350166666667,1.4305567,172,0.5555559999999993
"Lirola",11:46:41.7,43.30483116666667,5.4613485,1.41111224,172,0.19444459999999886
"Lirola",11:46:41.8,43.304830833333334,5.4613466666666675,1.49166786,172,0.8055561999999994
"Lirola",11:46:41.9,43.30483066666667,5.461345166666667,1.28333436,173,2.0833349999999995
"Lirola",11:46:42.0,43.3048305,5.461343666666667,1.28888992,173,0.05555559999999904
"Lirola",11:46:42.1,43.304830333333335,5.461342,1.34444552,173,0.5555560000000015
"Lirola",11:46:42.2,43.30482966666667,5.4613405,1.3472233,173,0.02777779999999952
"Lirola",11:46:42.3,43.304829166666664,5.461339,1.30833438,174,0.38888919999999993
"Lirola",11:46:42.4,43.30482883333333,5.461337833333334,1.16111204,174,1.4722234000000012
"Lirola",11:46:42.5,43.30482833333333,5.461336666666666,1.111112,174,0.500000399999998
"Lirola",11:46:42.6,43.30482833333333,5.461335166666667,1.16111204,173,0.500000399999998
"Lirola",11:46:42.7,43.30482833333333,5.461333833333334,1.11944534,173,0.41666699999999945
"Lirola",11:46:42.8,43.30482833333333,5.461332666666667,1.0000008,173,1.1944453999999993
"Lirola",11:46:42.9,43.304828,5.4613315,1.00555636,173,0.05555559999999904
"Lirola",11:46:43.0,43.30482766666666,5.461330666666667,0.79722286,174,2.0833349999999995
"Lirola",11:46:43.1,43.304827333333336,5.461329833333334,0.88611182,174,0.8888896000000002
"Lirola",11:46:43.2,43.30482666666667,5.461328833333334,1.10555644,174,2.1944462
"Lirola",11:46:43.3,43.30482583333333,5.4613275,1.31111216,174,2.0555572
"Lirola",11:46:43.4,43.3048255,5.461326166666667,1.10000088,174,2.111112799999999
"Lirola",11:46:43.5,43.30482516666667,5.461325833333333,0.6527783,174,4.4722258
"Lirola",11:46:43.6,43.30482466666666,5.4613255,0.56388934,174,0.8888896000000002
"Lirola",11:46:43.7,43.30482416666666,5.461325166666668,0.58055602,174,0.16666679999999934
"Lirola",11:46:43.8,43.30482366666667,5.461325333333333,0.53888932,174,0.41666699999999945
"Lirola",11:46:43.9,43.304823166666665,5.4613255,0.58888936,174,0.5000004000000002
"Lirola",11:46:44.0,43.3048225,5.461325833333333,0.63333384,174,0.4444448000000001
"Lirola",11:46:44.1,43.30482183333333,5.461326,0.75555616,174,1.2222232
"Lirola",11:46:44.2,43.3048215,5.461326166666667,0.49722262,174,2.5833354
"Lirola",11:46:44.3,43.30482116666666,5.461326833333334,0.52500042,174,0.2777780000000002
"Lirola",11:46:44.4,43.304821,5.4613275,0.57777824,175,0.5277781999999998
"Lirola",11:46:44.5,43.304821,5.461328166666667,0.53888932,175,0.38888919999999993
"Lirola",11:46:44.6,43.304821,5.461328666666667,0.4722226,175,0.6666672000000001
"Lirola",11:46:44.7,43.30482133333334,5.461329,0.46666704,175,0.05555560000000015
"Lirola",11:46:44.8,43.30482166666666,5.4613295,0.56111156,175,0.9444451999999998
"Lirola",11:46:44.9,43.30482183333333,5.46133,0.43333368,175,1.2777787999999994
"Lirola",11:46:45.0,43.30482183333333,5.4613305,0.41388922,175,0.19444459999999997
"Lirola",11:46:45.1,43.304822,5.461331,0.39444476,175,0.19444459999999997
"Lirola",11:46:45.2,43.304822,5.4613315,0.46666704,175,0.7222227999999997
"Lirola",11:46:45.3,43.304822,5.461332,0.45555592,175,0.11111119999999974
"Lirola",11:46:45.4,43.304822,5.461332666666667,0.48888928,175,0.3333335999999998
"Lirola",11:46:45.5,43.304822,5.4613335,0.63055606,175,1.4166678
"Lirola",11:46:45.6,43.304822,5.461334166666666,0.59166714,175,0.38888919999999993
"Lirola",11:46:45.7,43.30482216666667,5.461334833333334,0.6250005,175,0.3333335999999998
"Lirola",11:46:45.8,43.30482233333333,5.461335166666667,0.44722258,175,1.7777791999999997
"Lirola",11:46:45.9,43.30482266666667,5.461335166666667,0.30277802,175,1.4444455999999999
"Lirola",11:46:46.0,43.304823,5.461335,0.39166698,175,0.8888896000000002
"Lirola",11:46:46.1,43.30482333333333,5.461334333333333,0.5833338,174,1.9166682000000002
"Lirola",11:46:46.2,43.30482383333334,5.461333666666667,0.64444496,174,0.6111115999999994
"Lirola",11:46:46.3,43.30482416666666,5.461333333333333,0.56388934,174,0.8055561999999994
"Lirola",11:46:46.4,43.304824333333336,5.4613328333333335,0.42222256,174,1.4166678
"Lirola",11:46:46.5,43.304824333333336,5.461332333333334,0.38611142,174,0.3611114000000004
"Lirola",11:46:46.6,43.304824,5.461332,0.32777804,174,0.5833337999999999
"Lirola",11:46:46.7,43.30482366666667,5.461331833333333,0.3472225,174,0.19444459999999997
"Lirola",11:46:46.8,43.30482333333333,5.461331666666666,0.35555584,174,0.08333340000000022
"Lirola",11:46:46.9,43.304823166666665,5.461331333333334,0.3333336,174,0.22222240000000004
"Lirola",11:46:47.0,43.304823,5.461330833333333,0.33055582,174,0.027777800000000075
"Lirola",11:46:47.1,43.30482283333333,5.461330333333333,0.3333336,174,0.027777800000000075
"Lirola",11:46:47.2,43.304823,5.461329833333334,0.46388926,174,1.3055566
"Lirola",11:46:47.3,43.304823166666665,5.461328833333334,0.66944498,174,2.055557199999999
"Lirola",11:46:47.4,43.3048235,5.461327833333333,0.83888956,174,1.6944458000000007
"Lirola",11:46:47.5,43.30482366666667,5.461327166666667,0.60000048,174,2.388890800000001
"Lirola",11:46:47.6,43.30482383333334,5.4613265,0.54444488,174,0.5555559999999993
"Lirola",11:46:47.7,43.304824,5.461326166666667,0.4305559,174,1.1388898000000003
"Lirola",11:46:47.8,43.30482416666666,5.461325833333333,0,174,4.305559
"Lirola",11:46:47.9,43.30482416666666,5.461325666666667,0,174,0
"Lirola",11:46:48.0,43.30482416666666,5.4613255,0,174,0
"Lirola",11:46:48.1,43.304824333333336,5.4613255,0,174,0
"Lirola",11:46:48.2,43.3048245,5.461325333333333,0,174,0
"Lirola",11:46:48.3,43.30482466666666,5.461325333333333,0,174,0
"Lirola",11:46:48.4,43.304824833333335,5.461325333333333,0,174,0
"Lirola",11:46:48.5,43.304825,5.4613255,0,174,0
"Lirola",11:46:48.6,43.30482516666667,5.461325833333333,0,174,0
"Lirola",11:46:48.7,43.304825333333326,5.461326,0.33055582,174,3.3055581999999997
"Lirola",11:46:48.8,43.304825666666666,5.461326166666667,0.33055582,174,0
"Lirola",11:46:48.9,43.30482583333333,5.461326333333334,0.3194447,174,0.11111119999999974
"Lirola",11:46:49.0,43.304826,5.461326333333334,0,174,3.1944470000000003
"Lirola",11:46:49.1,43.304826166666665,5.461326166666667,0,174,0
"Lirola",11:46:49.2,43.304826166666665,5.461325666666667,0,174,0
"Lirola",11:46:49.3,43.304826166666665,5.461325,0.50555596,174,5.0555596
"Lirola",11:46:49.4,43.304826166666665,5.461323666666667,0.86944514,174,3.6388917999999992
"Lirola",11:46:49.5,43.304826,5.461322333333333,1.00833414,174,1.3888900000000015
"Lirola",11:46:49.6,43.304826,5.461320833333334,1.1250009,174,1.1666675999999998
"Lirola",11:46:49.7,43.304826166666665,5.461320166666667,0.74444504,174,3.805558600000001
"Lirola",11:46:49.8,43.30482583333333,5.461319333333334,0.7916673,174,0.4722225999999996
"Lirola",11:46:49.9,43.30482583333333,5.4613206666666665,0.51666708,174,2.7500022
"Lirola",11:46:50.0,43.304825666666666,5.4613245,2.3750019,174,0
"Lirola",11:46:50.1,43.3048255,5.461326333333334,1.77500142,174,0
"Lirola",11:46:50.2,43.30482633333333,5.4613285,1.91389042,174,1.3888900000000004
"Lirola",11:46:50.3,43.30482683333333,5.461330666666667,1.9027793,174,0.1111112000000003
"Lirola",11:46:50.4,43.30482683333333,5.461332333333334,1.40833446,174,4.944448399999999
"Lirola",11:46:50.5,43.30482716666667,5.461333166666667,0.98333412,174,4.250003400000001
"Lirola",11:46:50.6,43.3048285,5.461332666666667,1.2083343,174,2.2500017999999997
"Lirola",11:46:50.7,43.304829,5.461332333333334,0.74166726,174,4.666670399999999
"Lirola",11:46:50.8,43.3048295,5.461332333333334,0.56388934,174,1.7777792000000003
"Lirola",11:46:50.9,43.30482983333333,5.461332333333334,0.48055594,175,0.833334
"Lirola",11:46:51.0,43.30483,5.461332166666667,0,175,4.8055594
"Lirola",11:46:51.1,43.30483116666667,5.461331,1.38889,175,0
"Lirola",11:46:51.2,43.304833,5.461329666666667,2.0277794,175,0
"Lirola",11:46:51.3,43.30483466666667,5.461328666666667,2.10555724,174,0.7777783999999999
"Lirola",11:46:51.4,43.3048365,5.461328,2.05833498,174,0.4722225999999985
"Lirola",11:46:51.5,43.30483816666667,5.461326666666666,2.14444616,174,0.8611118000000006
"Lirola",11:46:51.6,43.3048405,5.461325,2.7500022,174,0
"Lirola",11:46:51.7,43.30484383333333,5.461323166666666,3.60555844,174,0
"Lirola",11:46:51.8,43.30484666666666,5.4613205,3.81666972,174,2.1111128000000035
"Lirola",11:46:51.9,43.30485,5.461319666666667,3.7361141,174,0.8055562000000016
"Lirola",11:46:52.0,43.30485383333334,5.461318833333333,4.20278114,174,4.666670399999999
"Lirola",11:46:52.1,43.30485766666666,5.461317166666667,4.40000352,174,1.9722238000000036
"Lirola",11:46:52.2,43.30486116666666,5.461315833333334,4.03333656,174,3.6666695999999988
"Lirola",11:46:52.3,43.304863833333336,5.461315,3.41389162,174,0
"Lirola",11:46:52.4,43.3048675,5.461314166666667,3.85000308,174,4.361114600000002
"Lirola",11:46:52.5,43.30487133333334,5.461314,4.25833674,174,4.083336599999998
"Lirola",11:46:52.6,43.3048745,5.461313,3.7361141,174,5.2222263999999985
"Lirola",11:46:52.7,43.304877833333336,5.461312333333334,3.74722522,174,0.11111119999999808
"Lirola",11:46:52.8,43.30488066666667,5.461311666666667,3.31666932,174,4.305558999999999
"Lirola",11:46:52.9,43.30488366666667,5.4613111666666665,3.35000268,174,0.3333335999999987
"Lirola",11:46:53.0,43.30488683333333,5.4613115,3.54444728,176,1.944446000000002
"Lirola",11:46:53.1,43.30489,5.461311333333334,3.51111392,176,0.3333335999999987
"Lirola",11:46:53.2,43.304892833333334,5.461311,3.29444708,176,2.1666684000000025
"Lirola",11:46:53.3,43.30489566666667,5.461311,3.18611366,175,1.0833341999999968
"Lirola",11:46:53.4,43.30489816666667,5.461311,2.9027801,175,2.8333356
"Lirola",11:46:53.5,43.304900333333336,5.46131,2.6250021,175,2.777780000000001
"Lirola",11:46:53.6,43.30490233333333,5.461309166666667,2.4444464,175,1.805557000000002
"Lirola",11:46:53.7,43.30490416666667,5.46131,2.22500178,175,2.1944462
"Lirola",11:46:53.8,43.3049065,5.461310666666667,2.59166874,175,3.6666695999999988
"Lirola",11:46:53.9,43.3049095,5.461311333333334,3.1527803,175,5.611115600000001
"Lirola",11:46:54.0,43.30491183333333,5.461310666666667,2.79722446,174,3.5555584000000007
"Lirola",11:46:54.1,43.304914333333336,5.46131,2.76111332,174,0.361111399999996
"Lirola",11:46:54.2,43.304916,5.461309333333333,2.21111288,174,5.500004400000003
"Lirola",11:46:54.3,43.3049175,5.461309333333333,1.8194459,174,3.916669799999999
"Lirola",11:46:54.4,43.3049195,5.461309,2.13611282,175,3.1666692000000007
"Lirola",11:46:54.5,43.30492133333333,5.461308666666667,1.97500158,175,1.611112400000001
"Lirola",11:46:54.6,43.30492283333333,5.461308333333334,1.83611258,175,1.3888900000000004
"Lirola",11:46:54.7,43.3049245,5.4613085,1.86666816,175,0.30555579999999916
"Lirola",11:46:54.8,43.304926,5.461308,1.78889032,175,0.7777783999999999
"Lirola",11:46:54.9,43.3049275,5.461308,1.6111124,175,1.7777792000000003
"Lirola",11:46:55.0,43.304929,5.461307166666667,1.77222364,176,1.611112400000001
"Lirola",11:46:55.1,43.30493033333333,5.461306666666667,1.56666792,176,2.0555572
"Lirola",11:46:55.2,43.3049315,5.461306166666667,1.46111228,176,1.0555563999999995
"Lirola",11:46:55.3,43.3049325,5.461306,1.3055566,176,1.5555567999999997
"Lirola",11:46:55.4,43.30493366666666,5.461306,1.29722326,176,0.08333340000000078
"Lirola",11:46:55.5,43.30493466666667,5.461306,1.16944538,176,1.2777788
"Lirola",11:46:55.6,43.3049355,5.461306166666667,1.0000008,176,1.6944457999999996
"Lirola",11:46:55.7,43.304936166666664,5.461306666666667,0.94166742,177,0.5833337999999999
"Lirola",11:46:55.8,43.30493683333333,5.4613065,0.82777844,177,1.1388898000000003
"Lirola",11:46:55.9,43.3049375,5.461306333333333,0.73888948,177,0.8888896000000002
"Lirola",11:46:56.0,43.304938166666666,5.461306166666667,0.74166726,177,0.02777780000000063
"Lirola",11:46:56.1,43.30493883333333,5.4613055,0.82777844,178,0.8611117999999995
"Lirola",11:46:56.2,43.3049395,5.461305,0.85833402,178,0.30555580000000027
"Lirola",11:46:56.3,43.30494016666667,5.461304833333333,0.8472229,178,0.1111112000000003
"Lirola",11:46:56.4,43.30494066666667,5.4613043333333335,0.70555612,178,1.4166678
"Lirola",11:46:56.5,43.30494083333333,5.461303833333333,0.45277814,178,2.5277798
"Lirola",11:46:56.6,43.30494083333333,5.461303666666667,0,178,4.527781399999999
"Lirola",11:46:56.7,43.30494083333333,5.4613035,0,179,0
"Lirola",11:46:56.8,43.30494033333333,5.461303333333334,0.35833362,179,3.5833362
"Lirola",11:46:56.9,43.30493966666666,5.461303166666667,0.59166714,179,2.3333351999999996
"Lirola",11:46:57.0,43.304939,5.461302666666667,0.7916673,179,2.0000015999999996
"Lirola",11:46:57.1,43.3049385,5.461302666666667,0.54444488,179,2.4722241999999994
"Lirola",11:46:57.2,43.304937833333334,5.461302333333333,0.6250005,179,0.8055561999999994
"Lirola",11:46:57.3,43.30493733333333,5.461302333333333,0.67777832,179,0.5277782000000009
"Lirola",11:46:57.4,43.30493666666666,5.461302333333333,0.69166722,179,0.13888899999999982
"Lirola",11:46:57.5,43.304936166666664,5.4613025,0.6250005,179,0.6666672000000007
"Lirola",11:46:57.6,43.304935666666665,5.461303,0.58611158,179,0.38888919999999993
"Lirola",11:46:57.7,43.30493533333333,5.4613035,0.61944494,179,0.3333336000000009
"Lirola",11:46:57.8,43.30493466666667,5.461303833333333,0.67777832,179,0.5833337999999999
"Lirola",11:46:57.9,43.30493433333333,5.461304,0.48055594,179,1.9722238000000003
"Lirola",11:46:58.0,43.304934,5.4613043333333335,0.5138893,179,0.3333335999999998
"Lirola",11:46:58.1,43.3049335,5.461304666666667,0.56111156,180,0.4722225999999996
"Lirola",11:46:58.2,43.304933,5.461304833333333,0.5694449,180,0.08333340000000078
"Lirola",11:46:58.3,43.30493233333333,5.461304666666667,0.62222272,180,0.5277781999999998
"Lirola",11:46:58.4,43.304931833333335,5.4613045,0.67500054,180,0.5277781999999998
"Lirola",11:46:58.5,43.304931,5.4613043333333335,0.8611118,180,1.8611126
"Lirola",11:46:58.6,43.3049305,5.4613043333333335,0.64722274,180,2.1388905999999994
"Lirola",11:46:58.7,43.304930166666665,5.461304,0.57222268,179,0.7500006000000004
"Lirola",11:46:58.8,43.304929666666666,5.461303833333333,0.48888928,179,0.833334
"Lirola",11:46:58.9,43.3049295,5.461303833333333,0.35555584,179,1.3333343999999996
"Lirola",11:46:59.0,43.304929333333334,5.461303666666667,0.3055558,179,0.5000004000000002
"Lirola",11:46:59.1,43.304928833333335,5.4613035,0.39444476,180,0.8888896000000002
"Lirola",11:46:59.2,43.3049285,5.4613035,0.4305559,180,0.36111139999999986
"Lirola",11:46:59.3,43.304928333333336,5.4613035,0.31666692,180,1.1388897999999996
"Lirola",11:46:59.4,43.304928,5.461303666666667,0.3194447,179,0.027777800000000075
"Lirola",11:46:59.5,43.30492766666667,5.461303666666667,0.45277814,179,1.3333343999999996
"Lirola",11:46:59.6,43.30492733333333,5.4613035,0.35000028,179,1.0277786
"Lirola",11:46:59.7,43.30492733333333,5.461302833333334,0.48055594,179,1.3055566
"Lirola",11:46:59.8,43.3049275,5.461302,0.63055606,179,1.5000011999999996
"Lirola",11:46:59.9,43.30492766666667,5.4613008333333335,0.9305563,179,3.0000024
"Lirola",11:47:00.0,43.30492766666667,5.461299666666666,0.92777852,179,0.02777779999999952
"Lirola",11:47:00.1,43.30492783333333,5.461299333333334,0.51944486,179,4.0833366
"Lirola",11:47:00.2,43.304928,5.461298666666667,0.52500042,179,0.05555560000000015
"Lirola",11:47:00.3,43.304928333333336,5.461298166666667,0.46666704,179,0.5833338000000005
"Lirola",11:47:00.4,43.30492866666666,5.461297833333334,0.51111152,179,0.44444480000000064
"Lirola",11:47:00.5,43.30492916666667,5.461297666666667,0.48333372,179,0.2777780000000002
"Lirola",11:47:00.6,43.3049295,5.4612975,0.51944486,179,0.36111139999999986
"Lirola",11:47:00.7,43.30492983333333,5.4612973333333334,0.4305559,179,0.8888896000000002
"Lirola",11:47:00.8,43.304930166666665,5.461297166666666,0.4027781,179,0.2777780000000002
"Lirola",11:47:00.9,43.3049305,5.461297166666666,0.35000028,179,0.5277781999999998
"Lirola",11:47:01.0,43.30493083333333,5.4612973333333334,0.35833362,179,0.08333340000000022
"Lirola",11:47:01.1,43.304931333333336,5.461297666666667,0.53333376,178,1.7500013999999997
"Lirola",11:47:01.2,43.3049315,5.461298,0.46666704,178,0.6666672000000001
"Lirola",11:47:01.3,43.3049315,5.4612985,0.40000032,178,0.6666671999999996
"Lirola",11:47:01.4,43.30493166666667,5.461299333333334,0.55833378,178,1.5833345999999997
"Lirola",11:47:01.5,43.304931833333335,5.461299833333333,0.54722266,178,0.1111112000000003
"Lirola",11:47:01.6,43.30493216666666,5.461300333333334,0.44722258,178,1.0000007999999998
"Lirola",11:47:01.7,43.3049325,5.4613005,0.44166702,178,0.055555599999999594
"Lirola",11:47:01.8,43.304933,5.461300666666667,0.53611154,178,0.9444452000000003
"Lirola",11:47:01.9,43.30493366666666,5.461301,0.79722286,178,2.6111131999999992
"Lirola",11:47:02.0,43.30493466666667,5.461301166666667,1.06388974,178,2.6666688000000005
"Lirola",11:47:02.1,43.3049355,5.4613015,0.9583341,178,1.0555564000000006
"Lirola",11:47:02.2,43.30493633333334,5.461301833333334,0.82500066,178,1.3333343999999991
"Lirola",11:47:02.3,43.304937,5.461302166666667,0.80000064,178,0.2500002000000001
"Lirola",11:47:02.4,43.30493733333333,5.4613025,0.55000044,178,2.500002
"Lirola",11:47:02.5,43.3049375,5.461303,0.52222264,179,0.27777800000000075
"Lirola",11:47:02.6,43.30493733333333,5.4613035,0.38055586,179,1.4166677999999993
"Lirola",11:47:02.7,43.30493766666667,5.461303666666667,0,179,3.8055586
"Lirola",11:47:02.8,43.304938166666666,5.461303833333333,0.6250005,178,0
"Lirola",11:47:02.9,43.3049385,5.4613045,0.59444492,178,0.30555579999999916
"Lirola",11:47:03.0,43.30493866666667,5.4613045,0.38055586,178,2.1388906
"Lirola",11:47:03.1,43.3049385,5.461304666666667,0,178,3.8055586
"Lirola",11:47:03.2,43.30493716666667,5.461305,1.21666764,178,0
"Lirola",11:47:03.3,43.3049345,5.4613055,2.50277978,178,0
"Lirola",11:47:03.4,43.30493283333334,5.461306166666667,2.11944614,178,3.8333364000000003
"Lirola",11:47:03.5,43.304931333333336,5.461306666666667,1.77222364,178,3.472225
"Lirola",11:47:03.6,43.30492983333333,5.461308166666667,2.01111272,178,2.3888907999999986
"Lirola",11:47:03.7,43.30492816666666,5.461308833333334,1.85000148,178,1.6111123999999988
"Lirola",11:47:03.8,43.304927166666666,5.4613095,1.4305567,178,4.194447800000001
"Lirola",11:47:03.9,43.30492616666667,5.461309,1.11388978,178,3.1666691999999985
"Lirola",11:47:04.0,43.3049255,5.461309833333334,1.06111196,178,0.5277781999999998
"Lirola",11:47:04.1,43.30492516666666,5.4613111666666665,0.99722302,178,0.6388894000000012
"Lirola",11:47:04.2,43.30492533333334,5.461312,0.55833378,178,4.3888924
"Lirola",11:47:04.3,43.30492583333333,5.461312666666666,0.6250005,178,0.6666671999999996
"Lirola",11:47:04.4,43.30492616666667,5.4613125,0.41388922,178,2.1111127999999995
"Lirola",11:47:04.5,43.30492683333333,5.461312,0.78055618,178,3.6666696
"Lirola",11:47:04.6,43.304928,5.461312666666666,1.11944534,178,3.388891599999999
"Lirola",11:47:04.7,43.304928833333335,5.4613145,1.46389006,178,3.4444472000000004
"Lirola",11:47:04.8,43.30493,5.461315833333334,1.51666788,178,0.5277781999999998
"Lirola",11:47:04.9,43.30493116666667,5.461318166666667,2.11389058,178,5.972227000000001
"Lirola",11:47:05.0,43.30493216666666,5.461320833333334,2.41389082,178,3.0000024000000014
"Lirola",11:47:05.1,43.3049335,5.4613235,2.54722426,178,1.3333343999999991
"Lirola",11:47:05.2,43.304934,5.4613265,2.57500206,178,0.27777799999999964
"Lirola",11:47:05.3,43.30493516666667,5.461329166666666,2.50833534,178,0.6666672000000018
"Lirola",11:47:05.4,43.30493633333334,5.461333333333333,3.23333592,178,0
"Lirola",11:47:05.5,43.30493683333333,5.461336,2.58889096,179,0
"Lirola",11:47:05.6,43.304937833333334,5.461340166666667,3.3472249,179,0
"Lirola",11:47:05.7,43.30493866666667,5.4613441666666676,3.27222484,179,0.7500006000000026
"Lirola",11:47:05.8,43.3049395,5.4613485,3.55000284,179,2.777780000000001
"Lirola",11:47:05.9,43.304941,5.461352833333334,3.71944742,179,1.6944457999999996
"Lirola",11:47:06.0,43.30494183333333,5.461357,3.5694473,179,1.5000011999999963
"Lirola",11:47:06.1,43.3049425,5.4613625,4.28889232,179,0
"Lirola",11:47:06.2,43.30494366666667,5.4613673333333335,4.10278106,179,1.8611126000000056
"Lirola",11:47:06.3,43.30494483333333,5.461372,4.08055882,179,0.22222239999999616
"Lirola",11:47:06.4,43.3049455,5.461376166666668,3.6388918,179,4.416670200000001
"Lirola",11:47:06.5,43.304945833333335,5.461380166666666,3.49166946,179,1.4722234000000034
"Lirola",11:47:06.6,43.30494566666667,5.461384333333333,3.38611382,179,1.0555563999999995
"Lirola",11:47:06.7,43.304946,5.461388333333334,3.29722486,179,0.888889599999998
"Lirola",11:47:06.8,43.3049465,5.461391833333334,3.11944694,178,1.7777792000000003
"Lirola",11:47:06.9,43.30494683333334,5.461395333333334,2.94722458,178,1.7222236000000013
"Lirola",11:47:07.0,43.304946666666666,5.461398833333334,2.98055794,178,0.3333336000000031
"Lirola",11:47:07.1,43.30494633333333,5.461402166666667,2.7083355,178,2.7222244000000018
"Lirola",11:47:07.2,43.304947166666665,5.461405,2.46666864,178,2.4166686000000004
"Lirola",11:47:07.3,43.30494766666666,5.461407666666667,2.2638907,178,2.0277793999999982
"Lirola",11:47:07.4,43.3049475,5.461409833333334,1.93889044,178,3.2500026000000015
"Lirola",11:47:07.5,43.304947,5.461411833333334,1.91944598,178,0.19444459999999886
"Lirola",11:47:07.6,43.3049465,5.461413833333333,1.86944594,178,0.5000004000000002
"Lirola",11:47:07.7,43.30494533333333,5.461415666666667,2.0138905,178,1.4444455999999994
"Lirola",11:47:07.8,43.30494516666667,5.461417166666666,1.59166794,178,4.2222256
"Lirola",11:47:07.9,43.304945,5.4614195,1.69722358,178,1.0555563999999995
"Lirola",11:47:08.0,43.304945,5.461421333333333,1.55000124,178,1.472223399999999
"Lirola",11:47:08.1,43.30494516666667,5.461423,1.40833446,178,1.4166678
"Lirola",11:47:08.2,43.304945,5.461424666666668,1.42222336,179,0.13888899999999982
"Lirola",11:47:08.4,43.304945,5.461428,1.35555664,179,0.6666671999999996
"Lirola",11:47:08.5,43.304945,5.461429833333333,1.3611122,179,0.05555559999999904
"Lirola",11:47:08.6,43.30494516666667,5.461431666666667,1.46389006,180,1.0277786
"Lirola",11:47:08.7,43.30494516666667,5.461433,1.26666768,180,1.9722237999999992
"Lirola",11:47:08.8,43.30494533333333,5.461434333333334,1.18611206,180,0.8055562000000016
"Lirola",11:47:08.9,43.304945833333335,5.461435833333334,1.25833434,180,0.7222228000000008
"Lirola",11:47:09.0,43.3049465,5.461437166666667,1.22500098,180,0.3333336000000009
"Lirola",11:47:09.1,43.304947,5.461438333333334,1.2916677,180,0.6666672000000018
"Lirola",11:47:09.2,43.3049475,5.461439333333334,1.07777864,180,2.1388906000000008
"Lirola",11:47:09.3,43.30494783333333,5.4614405,1.01111192,181,0.6666671999999996
"Lirola",11:47:09.4,43.30494816666667,5.4614416666666665,1.06111196,181,0.5000004000000002
"Lirola",11:47:09.5,43.3049485,5.461443,1.03055638,181,0.3055558000000014
"Lirola",11:47:09.6,43.3049485,5.461444,0.8888896,180,1.4166678
"Lirola",11:47:09.7,43.304949,5.461445166666667,1.05833418,180,1.6944457999999996
"Lirola",11:47:09.8,43.3049495,5.461446,0.9444452,180,1.1388897999999992
"Lirola",11:47:09.9,43.304950166666664,5.4614468333333335,0.98333412,181,0.38888919999999993
"Lirola",11:47:10.0,43.30495133333333,5.461447833333334,1.3194455,181,3.3611138000000005
"Lirola",11:47:10.1,43.304952166666666,5.461449,1.32222328,181,0.02777779999999952
"Lirola",11:47:10.2,43.30495266666667,5.461449666666667,0.99722302,181,3.2500026
"Lirola",11:47:10.3,43.304953,5.46145,0.6388894,181,3.583336199999999
"Lirola",11:47:10.4,43.3049535,5.4614505,0.65833386,181,0.19444459999999997
"Lirola",11:47:10.5,43.304954,5.4614503333333335,0.56111156,180,0.972223000000001
"Lirola",11:47:10.6,43.3049545,5.46145,0.53888932,180,0.2222223999999995
"Lirola",11:47:10.7,43.304955166666666,5.4614495,0.7222228,180,1.8333348000000005
"Lirola",11:47:10.8,43.304955666666665,5.461448833333334,0.80277842,181,0.8055561999999994
"Lirola",11:47:10.9,43.30495616666667,5.461448166666667,0.80277842,181,0
"Lirola",11:47:11.0,43.30495666666667,5.461447833333334,0.58611158,181,2.1666684000000003
"Lirola",11:47:11.1,43.304957,5.461447333333334,0.54444488,181,0.41666699999999945
"Lirola",11:47:11.2,43.30495716666666,5.4614468333333335,0.43333368,181,1.111112
"Lirola",11:47:11.3,43.30495716666666,5.461446666666666,0,181,4.3333368
"Lirola",11:47:11.4,43.304957,5.461446333333334,0,181,0
"Lirola",11:47:11.5,43.30495666666667,5.461446166666668,0.39444476,180,3.9444475999999997
"Lirola",11:47:11.6,43.30495616666667,5.461445833333333,0.5277782,180,1.3333343999999996
"Lirola",11:47:11.7,43.30495583333333,5.461445166666667,0.59166714,180,0.6388894
"Lirola",11:47:11.8,43.3049555,5.461444666666667,0.5694449,181,0.2222223999999995
"Lirola",11:47:11.9,43.30495533333333,5.461444,0.5277782,181,0.41666700000000056
"Lirola",11:47:12.0,43.30495533333333,5.461443666666667,0.3194447,181,2.0833349999999995
"Lirola",11:47:12.1,43.30495533333333,5.461443333333333,0.3055558,181,0.13888900000000037
"Lirola",11:47:12.2,43.30495533333333,5.461442833333333,0.37222252,180,0.6666672000000001
"Lirola",11:47:12.3,43.304955166666666,5.461442333333334,0.3888892,180,0.1666667999999999
"Lirola",11:47:12.4,43.30495533333333,5.461441833333334,0.43888924,180,0.5000004000000002
"Lirola",11:47:12.5,43.3049555,5.461441166666667,0.55000044,180,1.111112
"Lirola",11:47:12.6,43.3049555,5.461440333333333,0.59166714,180,0.41666699999999945
"Lirola",11:47:12.7,43.30495533333333,5.4614395,0.63055606,180,0.38888919999999993
"Lirola",11:47:12.9,43.304955166666666,5.4614385,0.41388922,180,2.1666683999999994
"Lirola",11:47:13.0,43.304955166666666,5.461438333333334,0,180,4.1388922
"Lirola",11:47:13.1,43.304955,5.461438166666667,0,180,0
"Lirola",11:47:13.2,43.304955,5.461438166666667,0,180,0
"Lirola",11:47:13.3,43.304954833333326,5.461438666666667,0.30000024,179,3.0000023999999996
"Lirola",11:47:13.4,43.30495466666667,5.461439166666667,0.3611114,179,0.6111116000000005
"Lirola",11:47:13.5,43.304954333333335,5.4614395,0.4583337,179,0.9722229999999998
"Lirola",11:47:13.6,43.304953833333336,5.461439833333334,0.52222264,180,0.6388893999999995
"Lirola",11:47:13.7,43.30495366666666,5.461440166666667,0.3611114,180,1.6111123999999992
"Lirola",11:47:13.8,43.304953833333336,5.461440666666667,0,180,3.611114
"Lirola",11:47:13.9,43.3049545,5.461441166666667,0.54444488,180,5.4444488
"Lirola",11:47:14.0,43.304955,5.4614416666666665,0.63055606,180,0.8611117999999995
"Lirola",11:47:14.1,43.304955666666665,5.461442166666667,0.66944498,180,0.38888919999999993
"Lirola",11:47:14.2,43.304956,5.461442666666667,0.555556,180,1.1388897999999992
"Lirola",11:47:14.3,43.30495616666667,5.461443,0.39166698,180,1.6388902000000005
"Lirola",11:47:14.4,43.30495633333333,5.461443333333333,0.33055582,180,0.6111116
"Lirola",11:47:14.5,43.3049565,5.461443833333333,0.4305559,180,1.0000007999999998
"Lirola",11:47:14.6,43.30495666666667,5.4614445,0.52222264,180,0.9166673999999997
"Lirola",11:47:14.7,43.3049565,5.461445166666667,0.50555596,180,0.16666679999999934
"Lirola",11:47:14.8,43.30495666666667,5.461446,0.64166718,180,1.3611121999999998
"Lirola",11:47:14.9,43.3049565,5.4614468333333335,0.67222276,180,0.30555580000000027
"Lirola",11:47:15.0,43.3049565,5.4614476666666665,0.61944494,180,0.5277781999999998
"Lirola",11:47:15.1,43.30495633333333,5.461448166666667,0.48055594,180,1.3888900000000004
"Lirola",11:47:15.2,43.304956,5.4614486666666675,0.57222268,180,0.9166673999999997
"Lirola",11:47:15.3,43.304956,5.461449166666666,0.45000036,179,1.2222232
"Lirola",11:47:15.4,43.3049555,5.461449166666666,0.4444448,179,0.05555560000000015
"Lirola",11:47:15.5,43.304955166666666,5.461449166666666,0.41111144,179,0.3333335999999998
"Lirola",11:47:15.6,43.30495466666667,5.461449166666666,0.51666708,179,1.0555563999999995
"Lirola",11:47:15.7,43.30495416666666,5.461449333333333,0.55833378,179,0.41666700000000056
"Lirola",11:47:15.8,43.304953833333336,5.461449666666667,0.51944486,179,0.38888919999999993
"Lirola",11:47:15.9,43.30495333333334,5.461449833333334,0.4861115,179,0.33333360000000034
"Lirola",11:47:16.0,43.30495316666667,5.461450166666667,0.36944474,179,1.1666675999999998
"Lirola",11:47:16.1,43.304953,5.461450666666667,0.4027781,179,0.3333335999999998
"Lirola",11:47:16.2,43.304953,5.461451166666667,0.42777812,179,0.2500002000000001
"Lirola",11:47:16.3,43.304953,5.461451833333333,0.56666712,179,1.3888899999999997
"Lirola",11:47:16.4,43.30495316666667,5.461452666666667,0.67500054,179,1.0833342000000001
"Lirola",11:47:16.5,43.304953,5.461453666666667,0.70555612,179,0.30555580000000027
"Lirola",11:47:16.6,43.304953,5.461454166666667,0.58055602,179,1.2500010000000006
"Lirola",11:47:16.7,43.30495266666667,5.461454666666667,0.48055594,179,1.0000007999999994
"Lirola",11:47:16.8,43.3049525,5.4614545,0,179,4.8055594
"Lirola",11:47:16.9,43.30495283333333,5.461454166666667,0.59166714,179,5.916671399999999
"Lirola",11:47:17.0,43.30495283333333,5.461452,1.28888992,179,0
"Lirola",11:47:17.1,43.30495283333333,5.461449,2.11944614,179,0
"Lirola",11:47:17.2,43.30495233333333,5.4614475,1.4722234,179,0
"Lirola",11:47:17.3,43.304951833333334,5.461445833333333,1.36666776,178,1.0555564000000017
"Lirola",11:47:17.4,43.30495133333333,5.461444,1.53333456,178,1.666668
"Lirola",11:47:17.5,43.30495066666666,5.461442333333334,1.55000124,178,0.16666680000000156
"Lirola",11:47:17.6,43.30495066666666,5.4614408333333335,1.3194455,178,2.3055574
"Lirola",11:47:17.7,43.304951,5.461439666666667,1.1250009,178,1.9444459999999997
"Lirola",11:47:17.8,43.3049505,5.461439,0.78611174,178,3.3888916000000013
"Lirola",11:47:17.9,43.30494983333333,5.461439,0.78888952,178,0.02777780000000063
"Lirola",11:47:18.0,43.30494916666667,5.461439166666667,0.7083339,178,0.8055562000000005
"Lirola",11:47:18.1,43.304949,5.461440333333333,0.73333392,178,0.2500002000000001
"Lirola",11:47:18.2,43.30494916666667,5.461441,0.694445,178,0.38888919999999993
"Lirola",11:47:18.3,43.30494916666667,5.4614416666666665,0.52500042,178,1.6944457999999996
"Lirola",11:47:18.4,43.30494833333333,5.461442,0.8472229,178,3.2222248
"Lirola",11:47:18.5,43.30494766666666,5.4614435,1.24444544,178,3.9722254
"Lirola",11:47:18.6,43.30494683333334,5.461445166666667,1.35277886,178,1.083334199999999
"Lirola",11:47:18.7,43.30494483333333,5.4614468333333335,2.48055754,178,0
"Lirola",11:47:18.8,43.3049425,5.461449,2.96389126,178,4.833337200000001
"Lirola",11:47:18.9,43.30494016666667,5.461450833333333,2.94722458,178,0.16666680000000156
"Lirola",11:47:19.0,43.3049375,5.461451166666667,2.9305579,178,0.16666679999999712
"Lirola",11:47:19.1,43.304934833333334,5.461453,3.21389146,178,2.8333356
"Lirola",11:47:19.2,43.3049315,5.4614555,4.22778116,178,0
"Lirola",11:47:19.3,43.304928833333335,5.461457333333334,3.43889164,178,0
"Lirola",11:47:19.4,43.30492583333333,5.461458166666667,3.4166694,178,0.2222224000000006
"Lirola",11:47:19.5,43.30492233333333,5.461459666666667,3.93889204,178,5.2222263999999985
"Lirola",11:47:19.6,43.304918666666666,5.461460166666667,3.91389202,178,0.2500001999999979
"Lirola",11:47:19.7,43.3049155,5.4614615,3.93611426,178,0.2222224000000006
"Lirola",11:47:19.8,43.30491183333333,5.461462666666667,4.09444772,178,1.583334599999997
"Lirola",11:47:19.9,43.30490833333333,5.461463666666667,3.89722534,179,1.9722237999999992
"Lirola",11:47:20.0,43.304905,5.461464,3.7638919,179,1.3333343999999991
"Lirola",11:47:20.1,43.304901666666666,5.4614641666666675,3.7361141,179,0.27777799999999964
"Lirola",11:47:20.2,43.30489883333333,5.4614635,3.23055814,179,5.055559600000001
"Lirola",11:47:20.3,43.30489583333333,5.4614641666666675,3.50833614,179,2.777780000000001
"Lirola",11:47:20.4,43.30489266666666,5.461464333333333,3.46666944,179,0.41666699999999945
"Lirola",11:47:20.5,43.30489,5.4614645,2.90000232,179,5.6666712
"Lirola",11:47:20.6,43.30488733333333,5.461464833333333,3.1250025,178,2.250001799999999
"Lirola",11:47:20.7,43.30488483333333,5.461465333333334,2.94166902,178,1.8333347999999994
"Lirola",11:47:20.8,43.304882666666664,5.461466166666667,2.64444656,178,2.9722245999999997
"Lirola",11:47:20.9,43.30488033333333,5.461468,3.00278018,179,3.583336199999998
"Lirola",11:47:21.0,43.30487766666667,5.461469166666667,2.9722246,179,0.30555579999999694
"Lirola",11:47:21.1,43.30487566666667,5.46147,2.4444464,179,5.277782000000002
"Lirola",11:47:21.2,43.30487416666667,5.461470666666666,2.12222392,179,3.2222247999999976
"Lirola",11:47:21.3,43.304872,5.461471833333334,2.38055746,179,2.5833353999999975
"Lirola",11:47:21.4,43.30487016666667,5.4614725,2.1527795,179,2.2777796000000006
"Lirola",11:47:21.5,43.30486883333333,5.461473,1.63055686,179,5.2222263999999985
"Lirola",11:47:21.6,43.304867,5.461473666666667,2.05000164,179,4.194447800000001
"Lirola",11:47:21.7,43.304865166666666,5.4614745,2.23055734,179,1.8055569999999976
"Lirola",11:47:21.8,43.30486333333334,5.461475166666667,1.99166826,179,2.3888907999999986
"Lirola",11:47:21.9,43.304862,5.461475833333333,1.74444584,179,2.4722241999999994
"Lirola",11:47:22.0,43.30486066666666,5.461476,1.65555688,179,0.8888896000000002
"Lirola",11:47:22.1,43.304859,5.461476,1.71944582,179,0.6388894
"Lirola",11:47:22.2,43.3048575,5.461476,1.70555692,180,0.13888899999999982
"Lirola",11:47:22.3,43.30485616666667,5.461476,1.50833454,180,1.9722238000000014
"Lirola",11:47:22.4,43.30485516666667,5.4614761666666665,1.35000108,180,1.5833345999999993
"Lirola",11:47:22.5,43.304854,5.4614761666666665,1.31666772,180,0.3333335999999987
"Lirola",11:47:22.6,43.304852833333335,5.4614761666666665,1.3611122,181,0.444444799999999
"Lirola",11:47:22.7,43.30485133333333,5.4614761666666665,1.49166786,181,1.3055565999999996
"Lirola",11:47:22.8,43.30485016666666,5.461476333333334,1.39722334,181,0.9444451999999992
"Lirola",11:47:22.9,43.30484916666666,5.461476333333334,1.33055662,180,0.6666671999999996
"Lirola",11:47:23.0,43.304848166666666,5.461476333333334,1.1666676,180,1.6388902000000005
"Lirola",11:47:23.1,43.30484716666667,5.461475833333333,1.12777868,180,0.38888919999999993
"Lirola",11:47:23.2,43.30484633333334,5.461475166666667,1.08055642,181,0.4722226000000007
"Lirola",11:47:23.3,43.3048455,5.461474333333334,1.12222312,181,0.41666699999999945
"Lirola",11:47:23.4,43.304844833333334,5.461473833333334,0.96388966,181,1.5833345999999993
"Lirola",11:47:23.5,43.30484416666667,5.461473333333333,0.88055626,181,0.833334
"Lirola",11:47:23.6,43.30484333333333,5.461473166666666,0.96944522,181,0.8888896000000002
"Lirola",11:47:23.7,43.30484283333334,5.4614725,0.88333404,181,0.8611117999999995
"Lirola",11:47:23.8,43.30484216666666,5.461472166666667,0.81666732,181,0.6666672000000007
"Lirola",11:47:23.9,43.3048415,5.461472,0.77222284,182,0.4444448000000001
"Lirola",11:47:24.0,43.304841,5.461471333333334,0.79444508,182,0.2222224000000006
"Lirola",11:47:24.1,43.30484083333333,5.461470833333333,0.57222268,182,2.222224
"Lirola",11:47:24.2,43.304841,5.4614705,0.35833362,182,2.1388905999999994
"Lirola",11:47:24.3,43.30484116666667,5.461469833333333,0.46388926,182,1.0555564
"Lirola",11:47:24.4,43.30484166666667,5.4614695,0.57500046,182,1.111112
"Lirola",11:47:24.5,43.30484216666666,5.461469166666667,0.56111156,182,0.13888900000000093
"Lirola",11:47:24.6,43.30484233333333,5.461468833333334,0.35555584,181,2.055557199999999
"Lirola",11:47:24.7,43.3048425,5.4614685,0.3055558,181,0.5000004000000002
"Lirola",11:47:24.8,43.30484283333334,5.461468166666666,0.35833362,181,0.5277782000000003
"Lirola",11:47:24.9,43.304843,5.4614676666666675,0.3888892,181,0.3055557999999997
"Lirola",11:47:25.0,43.3048435,5.4614675,0.51944486,181,1.3055566
"Lirola",11:47:25.1,43.304844,5.4614676666666675,0.61666716,181,0.9722229999999998
"Lirola",11:47:25.2,43.30484466666667,5.4614675,0.67777832,181,0.6111116000000005
"Lirola",11:47:25.3,43.30484516666667,5.4614676666666675,0.67777832,181,0
"Lirola",11:47:25.4,43.304845666666665,5.461467833333334,0.53611154,181,1.4166678
"Lirola",11:47:25.5,43.304846,5.4614676666666675,0.44166702,181,0.9444452000000003
"Lirola",11:47:25.6,43.30484633333334,5.461467833333334,0.42222256,181,0.19444459999999997
"Lirola",11:47:25.7,43.30484666666666,5.461468166666666,0.55277822,181,1.3055565999999996
"Lirola",11:47:25.8,43.30484716666667,5.461468666666667,0.61666716,181,0.6388894
"Lirola",11:47:25.9,43.30484733333333,5.4614695,0.6527783,180,0.3611114000000004
"Lirola",11:47:26.0,43.30484766666667,5.461470333333334,0.75277838,180,1.0000007999999994
"Lirola",11:47:26.1,43.304848,5.461471,0.6666672,180,0.8611117999999995
"Lirola",11:47:26.2,43.304848166666666,5.4614715,0.61666716,181,0.5000004000000002
"Lirola",11:47:26.3,43.3048485,5.461472,0.56666712,181,0.5000004000000002
"Lirola",11:47:26.4,43.30484866666667,5.461472333333333,0.46111148,181,1.0555563999999995
"Lirola",11:47:26.5,43.304849,5.4614725,0.45555592,181,0.05555560000000015
"Lirola",11:47:26.6,43.30484916666666,5.461472666666667,0.36388918,180,0.9166674000000002
"Lirola",11:47:26.7,43.3048495,5.4614725,0.35277806,180,0.11111119999999974
"Lirola",11:47:26.8,43.30484966666666,5.461472333333333,0.33611138,180,0.1666667999999999
"Lirola",11:47:26.9,43.30485,5.461472333333333,0.39444476,179,0.5833337999999999
"Lirola",11:47:27.0,43.30485033333333,5.461472333333333,0.40000032,179,0.05555560000000015
"Lirola",11:47:27.1,43.3048505,5.4614725,0,179,4.0000032
"Lirola",11:47:27.2,43.30485066666667,5.461472666666667,0,180,0
"Lirola",11:47:27.3,43.3048505,5.461473,0,180,0
"Lirola",11:47:27.4,43.30485033333333,5.461473333333333,0.32777804,180,3.2777803999999997
"Lirola",11:47:27.5,43.30485,5.461473833333334,0.46666704,180,1.3888899999999997
"Lirola",11:47:27.6,43.30484966666666,5.4614745,0.5833338,180,1.1666676000000002
"Lirola",11:47:27.7,43.30484933333334,5.461474833333334,0.51666708,180,0.6666672000000007
"Lirola",11:47:27.8,43.304849,5.461475166666667,0.37222252,180,1.4444455999999994
"Lirola",11:47:27.9,43.30484866666667,5.4614753333333335,0.46111148,179,0.8888896000000002
"Lirola",11:47:28.0,43.304848166666666,5.4614755,0.42222256,179,0.38888919999999993
"Lirola",11:47:28.1,43.30484766666667,5.4614753333333335,0.5277782,179,1.0555563999999995
"Lirola",11:47:28.2,43.30484683333333,5.461475,0.75833394,179,2.3055574
"Lirola",11:47:28.3,43.304846166666664,5.4614745,0.79722286,179,0.38888919999999993
"Lirola",11:47:28.4,43.304845666666665,5.461474,0.7500006,179,0.4722225999999996
"Lirola",11:47:28.5,43.304845,5.461473833333334,0.6666672,179,0.833334
"Lirola",11:47:28.6,43.3048445,5.461473666666667,0.50833374,179,1.5833346000000004
"Lirola",11:47:28.7,43.304844,5.461473666666667,0.50833374,179,0
"Lirola",11:47:28.8,43.30484366666666,5.461473833333334,0.48888928,179,0.19444459999999997
"Lirola",11:47:28.9,43.30484333333333,5.461474,0.42777812,179,0.6111116
"Lirola",11:47:29.0,43.304843,5.4614745,0.4722226,179,0.4444448000000001
"Lirola",11:47:29.1,43.30484283333334,5.461474666666667,0.31388914,179,1.5833345999999997
"Lirola",11:47:29.2,43.304842666666666,5.461474833333334,0.30833358,179,0.05555560000000015
"Lirola",11:47:29.3,43.30484233333333,5.461474833333334,0.37222252,179,0.6388894
"Lirola",11:47:29.4,43.304841833333334,5.461474666666667,0.45555592,179,0.833334
"Lirola",11:47:29.5,43.3048415,5.461474333333334,0.43611146,179,0.19444459999999997
"Lirola",11:47:29.6,43.30484116666667,5.461473833333334,0.58888936,178,1.5277790000000002
"Lirola",11:47:29.7,43.30484083333333,5.461473166666666,0.61388938,178,0.2500002000000001
"Lirola",11:47:29.8,43.3048405,5.4614725,0.65000052,178,0.3611113999999993
"Lirola",11:47:29.9,43.30484033333333,5.461471833333334,0.55277822,179,0.9722229999999998
"Lirola",11:47:30.0,43.30484033333333,5.461471166666667,0.48888928,179,0.6388894
"Lirola",11:47:30.1,43.3048405,5.461470833333333,0.38333364,179,1.0555564
"Lirola",11:47:30.2,43.30484083333333,5.4614705,0.41111144,179,0.2777780000000002
"Lirola",11:47:30.3,43.30484116666667,5.46147,0.52222264,179,1.1111119999999997
"Lirola",11:47:30.4,43.3048415,5.461469166666667,0.65000052,179,1.2777788
"Lirola",11:47:30.6,43.30484233333333,5.461468666666667,0.65555608,179,0.05555560000000015
"Lirola",11:47:30.7,43.30484466666667,5.461469166666667,1.99444604,178,0
"Lirola",11:47:30.8,43.30484683333333,5.461469666666667,2.35833522,178,3.6388917999999992
"Lirola",11:47:30.9,43.30484866666667,5.461469,2.0555572,178,3.0277801999999987
"Lirola",11:47:31.0,43.304851166666666,5.461469166666667,2.59166874,179,5.361115399999998
"Lirola",11:47:31.1,43.30485266666667,5.4614695,1.98055714,179,0
"Lirola",11:47:31.2,43.30485383333334,5.4614695,1.42222336,179,5.583337799999999
"Lirola",11:47:31.3,43.30485433333333,5.4614695,0.79444508,179,0
"Lirola",11:47:31.4,43.304854166666665,5.461467833333334,0.98333412,179,1.8888903999999995
"Lirola",11:47:31.5,43.30485383333334,5.461466666666667,0.9861119,179,0.02777780000000063
"Lirola",11:47:31.6,43.304853333333334,5.461466166666667,0.68611166,179,3.0000024
"Lirola",11:47:31.7,43.304852833333335,5.4614658333333335,0.68333388,178,0.02777780000000063
"Lirola",11:47:31.8,43.30485216666667,5.4614658333333335,0.58888936,178,0.9444451999999992
"Lirola",11:47:31.9,43.304851166666666,5.461464666666667,1.250001,178,0
"Lirola",11:47:32.0,43.30485,5.4614635,1.49166786,178,2.4166686000000004
"Lirola",11:47:32.1,43.30484883333333,5.461462333333333,1.60277906,178,1.1111120000000008
"Lirola",11:47:32.2,43.3048475,5.46146,2.13611282,178,5.333337600000001
"Lirola",11:47:32.3,43.30484583333333,5.461456833333333,2.88055786,178,0
"Lirola",11:47:32.4,43.304844833333334,5.461453833333334,2.69166882,178,1.8888904000000029
"Lirola",11:47:32.5,43.30484433333333,5.461450833333333,2.52500202,178,1.6666679999999978
"Lirola",11:47:32.6,43.30484383333333,5.4614475,2.66389102,178,1.3888899999999982
"Lirola",11:47:32.7,43.304843,5.461444333333334,2.69166882,179,0.27777799999999964
"Lirola",11:47:32.8,43.304842666666666,5.461440666666667,2.8750023,179,1.8333347999999994
"Lirola",11:47:32.9,43.30484216666666,5.461437333333334,2.81111336,179,0.6388894
"Lirola",11:47:33.0,43.30484116666667,5.461432333333334,3.84444752,179,0
"Lirola",11:47:33.1,43.30484033333333,5.4614286666666665,3.28611374,178,5.583337800000003
"Lirola",11:47:33.2,43.3048405,5.461424,3.6666696,178,3.805558600000003
"Lirola",11:47:33.3,43.30484033333333,5.461418833333333,4.04722546,178,3.8055585999999986
"Lirola",11:47:33.4,43.30484,5.461414333333334,3.8194475,178,2.2777796000000006
"Lirola",11:47:33.5,43.304839666666666,5.4614095,3.92222536,178,1.0277786000000022
"Lirola",11:47:33.6,43.30483916666666,5.4614053333333334,3.49444724,178,4.2777812000000015
"Lirola",11:47:33.7,43.3048395,5.461400333333334,3.9722254,179,4.777781600000002
"Lirola",11:47:33.8,43.30483916666666,5.461396166666667,3.5555584,179,4.166670000000003
"Lirola",11:47:33.9,43.30483866666666,5.461391666666667,3.64444736,179,0.8888896000000024
"Lirola",11:47:34.0,43.304838333333336,5.461387833333333,3.2777804,179,3.6666695999999988
"Lirola",11:47:34.1,43.30483783333333,5.461384333333333,2.96389126,179,3.138891400000001
"Lirola",11:47:34.2,43.30483683333333,5.4613805,3.17500254,179,2.111112799999999
"Lirola",11:47:34.3,43.304835833333335,5.461377333333334,2.83055782,178,3.444447199999998
"Lirola",11:47:34.4,43.3048345,5.4613743333333336,2.79722446,178,0.3333336000000031
"Lirola",11:47:34.5,43.30483366666667,5.461371166666667,2.74444664,178,0.5277781999999975
"Lirola",11:47:34.6,43.304833,5.461369166666667,2.04444608,178,0
"Lirola",11:47:34.7,43.3048325,5.461366833333334,2.06111276,178,0.16666679999999712
"Lirola",11:47:34.8,43.30483183333334,5.461364,2.26666848,178,2.0555572
"Lirola",11:47:34.9,43.3048315,5.461361666666667,2.05000164,178,2.166668399999998
"Lirola",11:47:35.0,43.3048315,5.4613595,1.7777792,178,2.7222244000000018
"Lirola",11:47:35.1,43.304831,5.461357333333333,1.86666816,178,0.8888896000000002
"Lirola",11:47:35.2,43.304830833333334,5.461355,1.8750015,178,0.08333340000000078
"Lirola",11:47:35.3,43.304830333333335,5.461352833333334,1.8611126,179,0.13888899999999982
"Lirola",11:47:35.4,43.30482983333333,5.461351166666667,1.60833462,179,2.5277798000000007
"Lirola",11:47:35.5,43.3048295,5.461349333333334,1.56389014,179,0.444444799999999
"Lirola",11:47:35.6,43.30482933333333,5.461347833333334,1.38611222,179,1.7777792000000003
"Lirola",11:47:35.7,43.304829166666664,5.461345833333334,1.527779,179,1.4166678
"Lirola",11:47:35.8,43.304829166666664,5.461344,1.45277894,179,0.7500006000000004
"Lirola",11:47:35.9,43.304829166666664,5.4613423333333335,1.40555668,179,0.4722226000000007
"Lirola",11:47:36.0,43.304829,5.461340833333334,1.33611218,179,0.6944449999999991
"Lirola",11:47:36.1,43.304829,5.461339333333333,1.28333436,179,0.5277781999999998
"Lirola",11:47:36.2,43.304828666666666,5.461337833333334,1.24166766,179,0.41666699999999945
"Lirola",11:47:36.3,43.30482833333333,5.461336166666667,1.4166678,180,1.7500013999999986
"Lirola",11:47:36.4,43.304827833333334,5.461334666666667,1.34166774,180,0.7500005999999981
"Lirola",11:47:36.5,43.3048275,5.461333333333333,1.22777876,180,1.1388898000000003
"Lirola",11:47:36.6,43.304827333333336,5.461332166666667,1.07222308,180,1.5555567999999997
"Lirola",11:47:36.7,43.304827333333336,5.461330833333333,1.0000008,181,0.7222228000000008
"Lirola",11:47:36.8,43.3048275,5.4613295,1.0972231,181,0.9722229999999987
"Lirola",11:47:36.9,43.30482766666666,5.461328333333333,0.96111188,181,1.3611121999999987
"Lirola",11:47:37.0,43.30482766666666,5.461327166666667,0.972223,181,0.11111119999999919
"Lirola",11:47:37.1,43.3048275,5.461326333333334,0.81111176,181,1.6111124
"Lirola",11:47:37.2,43.3048275,5.461325333333333,0.82222288,181,0.1111112000000003
"Lirola",11:47:37.3,43.304827333333336,5.461324333333334,0.94722298,181,1.2500010000000006
"Lirola",11:47:37.4,43.304827,5.461323166666666,0.98055634,181,0.3333335999999998
"Lirola",11:47:37.5,43.30482666666667,5.461322,0.9305563,181,0.5000004000000002
"Lirola",11:47:37.6,43.3048265,5.461321,0.8472229,181,0.833334
"Lirola",11:47:37.7,43.3048265,5.461320333333333,0.69722278,181,1.5000011999999996
"Lirola",11:47:37.8,43.30482633333333,5.461319666666667,0.58055602,181,1.166667600000001
"Lirola",11:47:37.9,43.30482633333333,5.4613195,0,181,5.8055601999999995
"Lirola",11:47:38.0,43.30482633333333,5.461319166666667,0.35277806,181,3.5277806
"Lirola",11:47:38.1,43.3048265,5.461319333333334,0,181,3.5277806
"Lirola",11:47:38.2,43.30482666666667,5.4613198333333335,0.38611142,181,3.8611142
"Lirola",11:47:38.3,43.304827,5.4613205,0.54444488,182,1.5833346000000004
"Lirola",11:47:38.4,43.30482716666667,5.4613215,0.7500006,182,2.0555572
"Lirola",11:47:38.5,43.304827333333336,5.4613225,0.79722286,182,0.4722225999999996
"Lirola",11:47:38.6,43.304827333333336,5.4613233333333335,0.70000056,181,0.9722229999999998
"Lirola",11:47:38.7,43.3048275,5.461323833333334,0.48333372,181,2.1666683999999994
"Lirola",11:47:38.8,43.30482766666666,5.461324333333334,0.49722262,181,0.13888899999999982
"Lirola",11:47:38.9,43.304828,5.461324666666667,0.4583337,181,0.38888919999999993
"Lirola",11:47:39.0,43.30482816666666,5.461325,0.40555588,181,0.5277782000000003
"Lirola",11:47:39.1,43.3048285,5.461325333333333,0.40833366,181,0.027777800000000075
"Lirola",11:47:39.2,43.304829,5.461325333333333,0.51944486,181,1.111112
"Lirola",11:47:39.3,43.3048295,5.461325833333333,0.64444496,182,1.2500009999999995
"Lirola",11:47:39.4,43.30482983333333,5.461326166666667,0.59444492,182,0.5000003999999991
"Lirola",11:47:39.5,43.304830333333335,5.461326333333334,0.54722266,182,0.4722226000000007
"Lirola",11:47:39.6,43.3048305,5.461326666666666,0.4444448,181,1.0277786
"Lirola",11:47:39.7,43.304830833333334,5.461327166666667,0.5138893,181,0.6944450000000002
"Lirola",11:47:39.8,43.304831,5.4613276666666675,0.4583337,181,0.5555559999999998
"Lirola",11:47:39.9,43.304830833333334,5.461328333333333,0.46944482,181,0.11111119999999974
"Lirola",11:47:40.0,43.304830833333334,5.461328833333334,0.52500042,181,0.5555560000000004
"Lirola",11:47:40.1,43.3048305,5.461329666666667,0.60000048,181,0.7500005999999992
"Lirola",11:47:40.2,43.3048305,5.461330166666667,0.57500046,181,0.250000199999999
"Lirola",11:47:40.3,43.3048305,5.461330833333333,0.44722258,181,1.2777788000000005
"Lirola",11:47:40.4,43.3048305,5.461331,0,181,4.4722257999999995
"Lirola",11:47:40.5,43.3048305,5.461331,0,181,0
"Lirola",11:47:40.6,43.30483066666667,5.461331333333334,0,181,0
"Lirola",11:47:40.7,43.304831,5.461331166666667,0.30833358,181,3.0833358
"Lirola",11:47:40.8,43.30483133333333,5.461330833333333,0.39444476,181,0.8611118000000001
"Lirola",11:47:40.9,43.304831666666665,5.461330666666667,0.46388926,181,0.6944450000000002
